5 0.427157 0.539503 0.330711 0.360387
2 0.602569 0.635404 0.163852 0.196972
2 0.645411 0.450451 0.113393 0.128162
5 0.641044 0.293631 0.120229 0.128319
2 0.177653 0.612597 0.15124 0.223344
0 0.252422 0.916968 0.0518242 0.165342
9 0.236594 0.271033 0.0294907 0.140851
0 0.456249 0.815437 0.0474192 0.25472
0 0.7101 0.55338 0.0286422 0.156757
9 0.136626 0.204727 0.019758 0.0938966
0 0.512866 0.914063 0.0466925 0.110887
2 0.00826611 0.68439 0.0165322 0.173173
5 0.427157 0.539503 0.330711 0.360387
2 0.602569 0.635404 0.163852 0.196972
2 0.645411 0.450451 0.113393 0.128162
5 0.641044 0.293631 0.120229 0.128319
2 0.177653 0.612597 0.15124 0.223344
0 0.252422 0.916968 0.0518242 0.165342
9 0.236594 0.271033 0.0294907 0.140851
0 0.456249 0.815437 0.0474192 0.25472
0 0.7101 0.55338 0.0286422 0.156757
9 0.136626 0.204727 0.019758 0.0938966
0 0.512866 0.914063 0.0466925 0.110887
2 0.00826611 0.68439 0.0165322 0.173173
