2 0.81103 0.51849 0.376575 0.360366
2 0.515281 0.46287 0.420731 0.401066
2 0.39738 0.66759 0.650302 0.64403
2 0.939175 0.384291 0.120517 0.130895
2 0.681626 0.298931 0.0914192 0.0981015
2 0.747624 0.300112 0.0922098 0.0929779
0 0.294619 0.298319 0.0194942 0.11002
2 0.939552 0.280316 0.118614 0.0835652
2 0.149245 0.357823 0.17367 0.183836
0 0.598944 0.323476 0.0301319 0.148641
2 0.570203 0.296202 0.17921 0.108199
0 0.242354 0.287343 0.0203784 0.0975791
2 0.0351764 0.351034 0.0697497 0.1259
0 0.0349315 0.459253 0.0576939 0.238392
0 0.267606 0.279641 0.0208639 0.091492
0 0.808166 0.288862 0.0249966 0.0941227
0 0.311902 0.292537 0.0201777 0.114614
2 0.81103 0.51849 0.376575 0.360366
2 0.515281 0.46287 0.420731 0.401066
2 0.39738 0.66759 0.650302 0.64403
2 0.939175 0.384291 0.120517 0.130895
2 0.681626 0.298931 0.0914192 0.0981015
2 0.747624 0.300112 0.0922098 0.0929779
0 0.294619 0.298319 0.0194942 0.11002
2 0.939552 0.280316 0.118614 0.0835652
2 0.149245 0.357823 0.17367 0.183836
0 0.598944 0.323476 0.0301319 0.148641
2 0.570203 0.296202 0.17921 0.108199
0 0.242354 0.287343 0.0203784 0.0975791
2 0.0351764 0.351034 0.0697497 0.1259
0 0.0349315 0.459253 0.0576939 0.238392
0 0.267606 0.279641 0.0208639 0.091492
0 0.808166 0.288862 0.0249966 0.0941227
0 0.311902 0.292537 0.0201777 0.114614
