2 0.119451 0.501791 0.237871 0.282248
0 0.449743 0.74636 0.136571 0.502498
0 0.654271 0.722931 0.107237 0.52834
2 0.329697 0.40493 0.249579 0.197376
0 0.360623 0.494459 0.0901875 0.265533
2 0.539442 0.397348 0.274721 0.261745
0 0.0999346 0.799308 0.181499 0.3946
1 0.965017 0.689329 0.0694443 0.196569
0 0.751147 0.545458 0.0569651 0.332102
3 0.349445 0.581807 0.179289 0.2212
2 0.773904 0.408332 0.188628 0.243552
0 0.616032 0.455353 0.0585552 0.268419
0 0.703669 0.594497 0.058202 0.364054
3 0.076692 0.717731 0.153162 0.504196
1 0.598307 0.56534 0.0878349 0.192449
0 0.845908 0.429292 0.0540291 0.197074
0 0.883794 0.427407 0.0401649 0.162251
0 0.11188 0.311538 0.0327303 0.123157
0 0.0803384 0.312608 0.0267919 0.120461
2 0.119451 0.501791 0.237871 0.282248
0 0.449743 0.74636 0.136571 0.502498
0 0.654271 0.722931 0.107237 0.52834
2 0.329697 0.40493 0.249579 0.197376
0 0.360623 0.494459 0.0901875 0.265533
2 0.539442 0.397348 0.274721 0.261745
0 0.0999346 0.799308 0.181499 0.3946
1 0.965017 0.689329 0.0694443 0.196569
0 0.751147 0.545458 0.0569651 0.332102
3 0.349445 0.581807 0.179289 0.2212
2 0.773904 0.408332 0.188628 0.243552
0 0.616032 0.455353 0.0585552 0.268419
0 0.703669 0.594497 0.058202 0.364054
3 0.076692 0.717731 0.153162 0.504196
1 0.598307 0.56534 0.0878349 0.192449
0 0.845908 0.429292 0.0540291 0.197074
0 0.883794 0.427407 0.0401649 0.162251
0 0.11188 0.311538 0.0327303 0.123157
0 0.0803384 0.312608 0.0267919 0.120461
