0 0.662632 0.322592 0.044886 0.196791
0 0.182825 0.847424 0.176324 0.302379
0 0.146295 0.541294 0.0749203 0.252393
0 0.876789 0.391367 0.0656988 0.256479
2 0.390886 0.336641 0.22927 0.375164
0 0.979009 0.354597 0.0413822 0.213889
2 0.0702693 0.174747 0.0414018 0.0694604
0 0.149362 0.632804 0.0879176 0.166223
1 0.223419 0.368089 0.0868046 0.129242
0 0.206683 0.318615 0.0470644 0.18404
0 0.0625893 0.256984 0.0299783 0.110007
0 0.504209 0.268623 0.0243875 0.133397
1 0.969386 0.404655 0.0602165 0.13602
0 0.633989 0.264903 0.0239534 0.143532
1 0.79845 0.424699 0.106346 0.17734
