2 0.377277 0.297792 0.0732683 0.178661
0 0.151876 0.827954 0.18789 0.334752
0 0.31575 0.89057 0.12939 0.214623
7 0.670729 0.572609 0.578379 0.830801
0 0.846979 0.257693 0.0342567 0.167313
0 0.875846 0.297472 0.0368889 0.186033
0 0.193561 0.723813 0.0976948 0.427609
7 0.229634 0.198971 0.0918218 0.208672
1 0.294409 0.322226 0.0712135 0.123693
0 0.284573 0.280131 0.0506544 0.166538
0 0.0920248 0.22222 0.0237616 0.107658
9 0.104784 0.0436544 0.0163728 0.0858168
2 0.377277 0.297792 0.0732683 0.178661
0 0.151876 0.827954 0.18789 0.334752
0 0.31575 0.89057 0.12939 0.214623
7 0.670729 0.572609 0.578379 0.830801
0 0.846979 0.257693 0.0342567 0.167313
0 0.875846 0.297472 0.0368889 0.186033
0 0.193561 0.723813 0.0976948 0.427609
7 0.229634 0.198971 0.0918218 0.208672
1 0.294409 0.322226 0.0712135 0.123693
0 0.284573 0.280131 0.0506544 0.166538
0 0.0920248 0.22222 0.0237616 0.107658
9 0.104784 0.0436544 0.0163728 0.0858168
