2 0.159208 0.739377 0.317056 0.360779
2 0.579013 0.692643 0.254776 0.313093
2 0.804846 0.633558 0.311249 0.226749
0 0.12053 0.510189 0.0408463 0.117091
0 0.384771 0.611747 0.0481183 0.306606
0 0.332252 0.577856 0.0432177 0.284394
0 0.217273 0.546041 0.0499951 0.206938
0 0.160307 0.531257 0.0428776 0.130654
3 0.814156 0.708923 0.108336 0.193387
0 0.771788 0.628005 0.0397352 0.229375
0 0.294494 0.643991 0.0507821 0.281562
0 0.812591 0.650541 0.0656098 0.24503
9 0.714652 0.281758 0.0508034 0.168847
2 0.159208 0.739377 0.317056 0.360779
2 0.579013 0.692643 0.254776 0.313093
2 0.804846 0.633558 0.311249 0.226749
0 0.12053 0.510189 0.0408463 0.117091
0 0.384771 0.611747 0.0481183 0.306606
0 0.332252 0.577856 0.0432177 0.284394
0 0.217273 0.546041 0.0499951 0.206938
0 0.160307 0.531257 0.0428776 0.130654
3 0.814156 0.708923 0.108336 0.193387
0 0.771788 0.628005 0.0397352 0.229375
0 0.294494 0.643991 0.0507821 0.281562
0 0.812591 0.650541 0.0656098 0.24503
9 0.714652 0.281758 0.0508034 0.168847
