0 0.62056 0.886987 0.0863808 0.22495
0 0.79258 0.90617 0.0652653 0.18766
5 0.538842 0.737394 0.81962 0.505918
0 0.324208 0.411897 0.0703279 0.205981
0 0.894083 0.824381 0.0551971 0.239563
2 0.0834486 0.849028 0.165936 0.286085
0 0.955372 0.927584 0.088028 0.14359
9 0.77386 0.49421 0.0173088 0.0809735
0 0.62056 0.886987 0.0863808 0.22495
0 0.79258 0.90617 0.0652653 0.18766
5 0.538842 0.737394 0.81962 0.505918
0 0.324208 0.411897 0.0703279 0.205981
0 0.894083 0.824381 0.0551971 0.239563
2 0.0834486 0.849028 0.165936 0.286085
0 0.955372 0.927584 0.088028 0.14359
9 0.77386 0.49421 0.0173088 0.0809735
