7 0.191761 0.478371 0.381101 0.598841
1 0.452783 0.773234 0.304198 0.357188
0 0.727351 0.464285 0.0648828 0.281205
77 0.513522 0.33935 0.274142 0.48604
0 0.846524 0.448435 0.0506622 0.247785
9 0.322964 0.12853 0.0313989 0.154008
2 0.677788 0.394491 0.0613545 0.168548
0 0.408578 0.569497 0.141001 0.44467
1 0.717681 0.591839 0.0419174 0.213732
2 0.933809 0.53928 0.131873 0.357275
9 0.714791 0.23588 0.0131664 0.0633
0 0.897598 0.397451 0.0516239 0.159158
9 0.253174 0.195876 0.0132261 0.0409092
7 0.191761 0.478371 0.381101 0.598841
1 0.452783 0.773234 0.304198 0.357188
0 0.727351 0.464285 0.0648828 0.281205
77 0.513522 0.33935 0.274142 0.48604
0 0.846524 0.448435 0.0506622 0.247785
9 0.322964 0.12853 0.0313989 0.154008
2 0.677788 0.394491 0.0613545 0.168548
0 0.408578 0.569497 0.141001 0.44467
1 0.717681 0.591839 0.0419174 0.213732
2 0.933809 0.53928 0.131873 0.357275
9 0.714791 0.23588 0.0131664 0.0633
0 0.897598 0.397451 0.0516239 0.159158
9 0.253174 0.195876 0.0132261 0.0409092
