2 0.310918 0.71889 0.57762 0.541823
2 0.67016 0.495254 0.136927 0.180213
2 0.805638 0.452438 0.099162 0.111848
2 0.875609 0.428706 0.055167 0.09378
0 0.970812 0.565733 0.0573288 0.28576
2 0.0670554 0.544417 0.133147 0.40436
2 0.473993 0.47263 0.214497 0.161145
0 0.264256 0.410428 0.0252083 0.108098
2 0.578391 0.403073 0.0684188 0.0787081
2 0.910269 0.418514 0.0272781 0.0586182
2 0.235503 0.38698 0.115756 0.0954086
0 0.172704 0.380603 0.0266645 0.101741
2 0.310918 0.71889 0.57762 0.541823
2 0.67016 0.495254 0.136927 0.180213
2 0.805638 0.452438 0.099162 0.111848
2 0.875609 0.428706 0.055167 0.09378
0 0.970812 0.565733 0.0573288 0.28576
2 0.0670554 0.544417 0.133147 0.40436
2 0.473993 0.47263 0.214497 0.161145
0 0.264256 0.410428 0.0252083 0.108098
2 0.578391 0.403073 0.0684188 0.0787081
2 0.910269 0.418514 0.0272781 0.0586182
2 0.235503 0.38698 0.115756 0.0954086
0 0.172704 0.380603 0.0266645 0.101741
