5 0.774612 0.467067 0.448668 0.770083
2 0.612397 0.539195 0.3393 0.348209
2 0.558524 0.769949 0.629475 0.436111
2 0.210754 0.409326 0.088095 0.178285
2 0.430335 0.407733 0.137921 0.144052
2 0.352259 0.540072 0.298781 0.318556
2 0.146744 0.381657 0.056007 0.124574
2 0.30398 0.365354 0.104778 0.0535272
2 0.368959 0.352516 0.0620906 0.0949865
5 0.774612 0.467067 0.448668 0.770083
2 0.612397 0.539195 0.3393 0.348209
2 0.558524 0.769949 0.629475 0.436111
2 0.210754 0.409326 0.088095 0.178285
2 0.430335 0.407733 0.137921 0.144052
2 0.352259 0.540072 0.298781 0.318556
2 0.146744 0.381657 0.056007 0.124574
2 0.30398 0.365354 0.104778 0.0535272
2 0.368959 0.352516 0.0620906 0.0949865
