2 0.588892 0.510214 0.248795 0.280796
2 0.194389 0.492293 0.388778 0.326095
0 0.0570006 0.83678 0.113338 0.316689
0 0.939094 0.789812 0.121119 0.411559
0 0.87558 0.539085 0.063961 0.238341
0 0.759313 0.795932 0.076445 0.396221
7 0.814955 0.377244 0.139047 0.227413
0 0.705587 0.606106 0.0561562 0.314245
2 0.444817 0.442329 0.128617 0.214522
5 0.616696 0.358507 0.2329 0.206364
2 0.0795408 0.650054 0.158273 0.419795
0 0.710856 0.867428 0.130742 0.26205
2 0.347227 0.761574 0.253603 0.463381
0 0.764939 0.467714 0.0420164 0.180186
0 0.961488 0.453924 0.0421841 0.128646
2 0.588892 0.510214 0.248795 0.280796
2 0.194389 0.492293 0.388778 0.326095
0 0.0570006 0.83678 0.113338 0.316689
0 0.939094 0.789812 0.121119 0.411559
0 0.87558 0.539085 0.063961 0.238341
0 0.759313 0.795932 0.076445 0.396221
7 0.814955 0.377244 0.139047 0.227413
0 0.705587 0.606106 0.0561562 0.314245
2 0.444817 0.442329 0.128617 0.214522
5 0.616696 0.358507 0.2329 0.206364
2 0.0795408 0.650054 0.158273 0.419795
0 0.710856 0.867428 0.130742 0.26205
2 0.347227 0.761574 0.253603 0.463381
0 0.764939 0.467714 0.0420164 0.180186
0 0.961488 0.453924 0.0421841 0.128646
