2 0.659377 0.675288 0.638547 0.629241
5 0.626115 0.363151 0.496076 0.564216
2 0.312012 0.388228 0.120056 0.228165
2 0.0215744 0.332485 0.0430925 0.187105
0 0.197192 0.869093 0.165945 0.257224
2 0.0571519 0.260664 0.0620934 0.0826383
0 0.165823 0.584016 0.0866297 0.279185
0 0.156642 0.682771 0.10177 0.171756
7 0.226465 0.220914 0.133304 0.212612
2 0.659377 0.675288 0.638547 0.629241
5 0.626115 0.363151 0.496076 0.564216
2 0.312012 0.388228 0.120056 0.228165
2 0.0215744 0.332485 0.0430925 0.187105
0 0.197192 0.869093 0.165945 0.257224
2 0.0571519 0.260664 0.0620934 0.0826383
0 0.165823 0.584016 0.0866297 0.279185
0 0.156642 0.682771 0.10177 0.171756
7 0.226465 0.220914 0.133304 0.212612
