0 0.790213 0.509977 0.263916 0.947063
0 0.872898 0.165518 0.0780197 0.297115
0 0.428568 0.483038 0.196481 0.961301
0 0.313856 0.307437 0.115836 0.61422
0 0.952841 0.200309 0.0932224 0.360224
0 0.702453 0.216886 0.0793962 0.38566
1 0.9507 0.709636 0.0979561 0.285662
0 0.505161 0.221715 0.102639 0.400228
7 0.156664 0.495608 0.309801 0.980402
0 0.790213 0.509977 0.263916 0.947063
0 0.872898 0.165518 0.0780197 0.297115
0 0.428568 0.483038 0.196481 0.961301
0 0.313856 0.307437 0.115836 0.61422
0 0.952841 0.200309 0.0932224 0.360224
0 0.702453 0.216886 0.0793962 0.38566
1 0.9507 0.709636 0.0979561 0.285662
0 0.505161 0.221715 0.102639 0.400228
7 0.156664 0.495608 0.309801 0.980402
