5 0.493317 0.371472 0.250175 0.267534
2 0.281421 0.423976 0.188831 0.218207
2 0.498497 0.527629 0.160218 0.180964
5 0.194374 0.221695 0.117515 0.121614
0 0.970121 0.932443 0.0589012 0.135113
0 0.311486 0.917721 0.0551809 0.164559
2 0.398406 0.663277 0.0701746 0.190135
0 0.353646 0.689978 0.0508293 0.219581
2 0.633382 0.321161 0.0385414 0.086048
0 0.221467 0.942885 0.0560516 0.113914
0 0.513361 0.567222 0.0502502 0.18211
5 0.493317 0.371472 0.250175 0.267534
2 0.281421 0.423976 0.188831 0.218207
2 0.498497 0.527629 0.160218 0.180964
5 0.194374 0.221695 0.117515 0.121614
0 0.970121 0.932443 0.0589012 0.135113
0 0.311486 0.917721 0.0551809 0.164559
2 0.398406 0.663277 0.0701746 0.190135
0 0.353646 0.689978 0.0508293 0.219581
2 0.633382 0.321161 0.0385414 0.086048
0 0.221467 0.942885 0.0560516 0.113914
0 0.513361 0.567222 0.0502502 0.18211
