0 0.196287 0.794624 0.160327 0.401315
0 0.463996 0.745275 0.1128 0.506431
0 0.558994 0.703298 0.0896824 0.475429
0 0.744056 0.560708 0.0572125 0.323086
0 0.660725 0.635219 0.0755806 0.415886
2 0.175226 0.56889 0.345126 0.404822
0 0.0260592 0.689606 0.0517865 0.386708
0 0.958959 0.519792 0.048584 0.261888
0 0.703799 0.570746 0.0468306 0.284535
2 0.192352 0.430019 0.383843 0.2936
3 0.0797055 0.84762 0.15857 0.296986
2 0.514435 0.479762 0.180496 0.272692
1 0.821274 0.510814 0.0419666 0.128258
2 0.415511 0.456953 0.0735844 0.185577
0 0.121727 0.53745 0.0544474 0.153917
0 0.196287 0.794624 0.160327 0.401315
0 0.463996 0.745275 0.1128 0.506431
0 0.558994 0.703298 0.0896824 0.475429
0 0.744056 0.560708 0.0572125 0.323086
0 0.660725 0.635219 0.0755806 0.415886
2 0.175226 0.56889 0.345126 0.404822
0 0.0260592 0.689606 0.0517865 0.386708
0 0.958959 0.519792 0.048584 0.261888
0 0.703799 0.570746 0.0468306 0.284535
2 0.192352 0.430019 0.383843 0.2936
3 0.0797055 0.84762 0.15857 0.296986
2 0.514435 0.479762 0.180496 0.272692
1 0.821274 0.510814 0.0419666 0.128258
2 0.415511 0.456953 0.0735844 0.185577
0 0.121727 0.53745 0.0544474 0.153917
