2 0.123385 0.809293 0.244291 0.361293
2 0.577356 0.621443 0.308451 0.384149
2 0.180235 0.525952 0.359857 0.328807
2 0.833727 0.457557 0.0929489 0.10089
2 0.726205 0.485603 0.097698 0.146694
0 0.969592 0.576382 0.0587818 0.28114
2 0.444537 0.428347 0.087067 0.0920975
2 0.519178 0.431661 0.0866015 0.095358
2 0.0422567 0.484437 0.0836565 0.0960321
2 0.908164 0.43319 0.0539246 0.0803087
0 0.0411968 0.392862 0.0216315 0.0917107
2 0.123385 0.809293 0.244291 0.361293
2 0.577356 0.621443 0.308451 0.384149
2 0.180235 0.525952 0.359857 0.328807
2 0.833727 0.457557 0.0929489 0.10089
2 0.726205 0.485603 0.097698 0.146694
0 0.969592 0.576382 0.0587818 0.28114
2 0.444537 0.428347 0.087067 0.0920975
2 0.519178 0.431661 0.0866015 0.095358
2 0.0422567 0.484437 0.0836565 0.0960321
2 0.908164 0.43319 0.0539246 0.0803087
0 0.0411968 0.392862 0.0216315 0.0917107
