5 0.830775 0.3692 0.335294 0.632551
2 0.0318031 0.267908 0.0636062 0.127909
0 0.179331 0.872054 0.169509 0.250664
1 0.637817 0.496712 0.0778343 0.185583
2 0.0704245 0.236392 0.0460309 0.0668079
0 0.508571 0.441989 0.0610156 0.262756
0 0.153466 0.67209 0.0909178 0.17524
0 0.150998 0.572739 0.0802591 0.267688
0 0.634556 0.415334 0.0588347 0.217272
5 0.2866 0.243336 0.227957 0.339245
0 0.106497 0.865033 0.112388 0.265483
0 0.130709 0.249682 0.019452 0.0962892
5 0.830775 0.3692 0.335294 0.632551
2 0.0318031 0.267908 0.0636062 0.127909
0 0.179331 0.872054 0.169509 0.250664
1 0.637817 0.496712 0.0778343 0.185583
2 0.0704245 0.236392 0.0460309 0.0668079
0 0.508571 0.441989 0.0610156 0.262756
0 0.153466 0.67209 0.0909178 0.17524
0 0.150998 0.572739 0.0802591 0.267688
0 0.634556 0.415334 0.0588347 0.217272
5 0.2866 0.243336 0.227957 0.339245
0 0.106497 0.865033 0.112388 0.265483
0 0.130709 0.249682 0.019452 0.0962892
