2 0.131056 0.615474 0.261321 0.256995
2 0.288871 0.428536 0.173908 0.175072
5 0.442584 0.2202 0.143024 0.157022
5 0.737596 0.274168 0.137502 0.183442
3 0.152426 0.843777 0.192299 0.305666
2 0.0914272 0.517206 0.1826 0.168236
0 0.353511 0.791156 0.0451516 0.216357
2 0.531505 0.326329 0.10421 0.114218
0 0.321608 0.91379 0.0607394 0.171122
0 0.301378 0.828557 0.0586644 0.254142
5 0.0498069 0.214472 0.0975224 0.129846
3 0.309315 0.520142 0.0622627 0.112673
0 0.392243 0.81775 0.0513762 0.128961
0 0.679468 0.423854 0.0306598 0.143649
0 0.137596 0.843394 0.0661228 0.216729
0 0.55663 0.54361 0.0382998 0.191391
0 0.617653 0.516787 0.0545761 0.178967
2 0.131056 0.615474 0.261321 0.256995
2 0.288871 0.428536 0.173908 0.175072
5 0.442584 0.2202 0.143024 0.157022
5 0.737596 0.274168 0.137502 0.183442
3 0.152426 0.843777 0.192299 0.305666
2 0.0914272 0.517206 0.1826 0.168236
0 0.353511 0.791156 0.0451516 0.216357
2 0.531505 0.326329 0.10421 0.114218
0 0.321608 0.91379 0.0607394 0.171122
0 0.301378 0.828557 0.0586644 0.254142
5 0.0498069 0.214472 0.0975224 0.129846
3 0.309315 0.520142 0.0622627 0.112673
0 0.392243 0.81775 0.0513762 0.128961
0 0.679468 0.423854 0.0306598 0.143649
0 0.137596 0.843394 0.0661228 0.216729
0 0.55663 0.54361 0.0382998 0.191391
0 0.617653 0.516787 0.0545761 0.178967
