0 0.187752 0.796104 0.16591 0.405428
2 0.136555 0.487616 0.272212 0.382109
0 0.528085 0.728446 0.122104 0.503599
0 0.663692 0.644891 0.0857901 0.418903
2 0.349943 0.540316 0.518085 0.515994
0 0.7364 0.559065 0.0547452 0.331348
0 0.957659 0.559789 0.0835596 0.368001
1 0.959377 0.740066 0.0801868 0.270153
0 0.87275 0.537312 0.0583866 0.27429
2 0.653436 0.460063 0.105596 0.229288
0 0.335515 0.455633 0.0769243 0.123356
2 0.961278 0.348723 0.0761339 0.0718564
5 0.586874 0.322758 0.174695 0.0627751
1 0.864573 0.623065 0.115479 0.228894
