0 0.342797 0.660611 0.118902 0.554565
0 0.864807 0.524904 0.0457191 0.207053
0 0.907953 0.588082 0.0498997 0.317665
0 0.660006 0.587022 0.0837074 0.369251
9 0.405409 0.245464 0.0281753 0.136979
1 0.702859 0.756402 0.199882 0.344308
9 0.120998 0.296929 0.0255935 0.10825
0 0.342797 0.660611 0.118902 0.554565
0 0.864807 0.524904 0.0457191 0.207053
0 0.907953 0.588082 0.0498997 0.317665
0 0.660006 0.587022 0.0837074 0.369251
9 0.405409 0.245464 0.0281753 0.136979
1 0.702859 0.756402 0.199882 0.344308
9 0.120998 0.296929 0.0255935 0.10825
