0 0.7033 0.632553 0.2512 0.715952
0 0.910396 0.604601 0.178012 0.768998
1 0.438659 0.653086 0.313006 0.492065
0 0.410255 0.489769 0.151521 0.584196
0 0.181637 0.593768 0.216877 0.615626
0 0.817105 0.391122 0.0970293 0.545221
0 0.532809 0.379868 0.119331 0.424924
0 0.68512 0.260872 0.0687761 0.310929
1 0.158668 0.781036 0.31699 0.425039
0 0.110734 0.135788 0.0394284 0.132694
1 0.537981 0.488045 0.170136 0.289799
0 0.7033 0.632553 0.2512 0.715952
0 0.910396 0.604601 0.178012 0.768998
1 0.438659 0.653086 0.313006 0.492065
0 0.410255 0.489769 0.151521 0.584196
0 0.181637 0.593768 0.216877 0.615626
0 0.817105 0.391122 0.0970293 0.545221
0 0.532809 0.379868 0.119331 0.424924
0 0.68512 0.260872 0.0687761 0.310929
1 0.158668 0.781036 0.31699 0.425039
0 0.110734 0.135788 0.0394284 0.132694
1 0.537981 0.488045 0.170136 0.289799
