2 0.800871 0.521514 0.397346 0.3236
0 0.206409 0.554693 0.0593712 0.319126
0 0.34804 0.507649 0.0525372 0.307746
0 0.125406 0.491502 0.052639 0.261037
0 0.0748309 0.488093 0.0554374 0.282642
0 0.300832 0.475895 0.0492817 0.28148
0 0.589901 0.435805 0.035022 0.168286
0 0.028782 0.474732 0.0416812 0.261761
2 0.498506 0.560971 0.148427 0.3327
9 0.681114 0.181538 0.0496611 0.165272
2 0.800871 0.521514 0.397346 0.3236
0 0.206409 0.554693 0.0593712 0.319126
0 0.34804 0.507649 0.0525372 0.307746
0 0.125406 0.491502 0.052639 0.261037
0 0.0748309 0.488093 0.0554374 0.282642
0 0.300832 0.475895 0.0492817 0.28148
0 0.589901 0.435805 0.035022 0.168286
0 0.028782 0.474732 0.0416812 0.261761
2 0.498506 0.560971 0.148427 0.3327
9 0.681114 0.181538 0.0496611 0.165272
