0 0.427894 0.758522 0.14421 0.479958
2 0.195968 0.482548 0.272998 0.256986
3 0.118708 0.722674 0.23661 0.535989
0 0.629139 0.743162 0.133794 0.505112
0 0.747666 0.559279 0.0561647 0.323968
1 0.890388 0.617715 0.15686 0.201023
0 0.693975 0.600993 0.0678931 0.370503
0 0.906691 0.516839 0.0719296 0.256085
3 0.547485 0.512332 0.088964 0.17158
2 0.449812 0.382849 0.201062 0.137025
2 0.623548 0.389078 0.177356 0.215402
3 0.304099 0.559287 0.12285 0.22094
0 0.331662 0.483045 0.0714392 0.253156
3 0.379177 0.61724 0.105807 0.234128
2 0.828418 0.410541 0.162474 0.212886
2 0.0925036 0.383844 0.0776105 0.0838204
26 0.568291 0.909679 0.0402969 0.176247
0 0.417301 0.49668 0.095423 0.238074
2 0.748076 0.325728 0.0867798 0.0729756
0 0.721507 0.397657 0.0419931 0.12507
0 0.980881 0.554957 0.0376915 0.352087
0 0.427894 0.758522 0.14421 0.479958
2 0.195968 0.482548 0.272998 0.256986
3 0.118708 0.722674 0.23661 0.535989
0 0.629139 0.743162 0.133794 0.505112
0 0.747666 0.559279 0.0561647 0.323968
1 0.890388 0.617715 0.15686 0.201023
0 0.693975 0.600993 0.0678931 0.370503
0 0.906691 0.516839 0.0719296 0.256085
3 0.547485 0.512332 0.088964 0.17158
2 0.449812 0.382849 0.201062 0.137025
2 0.623548 0.389078 0.177356 0.215402
3 0.304099 0.559287 0.12285 0.22094
0 0.331662 0.483045 0.0714392 0.253156
3 0.379177 0.61724 0.105807 0.234128
2 0.828418 0.410541 0.162474 0.212886
2 0.0925036 0.383844 0.0776105 0.0838204
26 0.568291 0.909679 0.0402969 0.176247
0 0.417301 0.49668 0.095423 0.238074
2 0.748076 0.325728 0.0867798 0.0729756
0 0.721507 0.397657 0.0419931 0.12507
0 0.980881 0.554957 0.0376915 0.352087
