2 0.46286 0.705237 0.551762 0.572238
2 0.661604 0.412268 0.204104 0.22575
2 0.520164 0.427141 0.218758 0.234599
0 0.781205 0.563305 0.116879 0.488394
0 0.123266 0.356433 0.0410399 0.257565
2 0.261168 0.362749 0.0810713 0.188324
2 0.406954 0.307167 0.0741846 0.0889164
2 0.358107 0.354785 0.1261 0.169295
0 0.0865451 0.44184 0.063085 0.405149
5 0.902652 0.501654 0.194005 0.377159
0 0.0487614 0.3904 0.0486779 0.294779
0 0.699269 0.292621 0.0261024 0.0931234
2 0.46286 0.705237 0.551762 0.572238
2 0.661604 0.412268 0.204104 0.22575
2 0.520164 0.427141 0.218758 0.234599
0 0.781205 0.563305 0.116879 0.488394
0 0.123266 0.356433 0.0410399 0.257565
2 0.261168 0.362749 0.0810713 0.188324
2 0.406954 0.307167 0.0741846 0.0889164
2 0.358107 0.354785 0.1261 0.169295
0 0.0865451 0.44184 0.063085 0.405149
5 0.902652 0.501654 0.194005 0.377159
0 0.0487614 0.3904 0.0486779 0.294779
0 0.699269 0.292621 0.0261024 0.0931234
