0 0.552261 0.659294 0.119071 0.544317
0 0.417557 0.439715 0.0274678 0.149401
0 0.929266 0.598901 0.057349 0.29647
9 0.422758 0.241233 0.0293978 0.13755
1 0.595812 0.825188 0.308656 0.334832
0 0.0198057 0.736924 0.0390049 0.509526
3 0.187071 0.685728 0.336199 0.609301
5 0.728637 0.412619 0.306797 0.374615
9 0.451198 0.230817 0.0243778 0.165999
9 0.344152 0.330388 0.0137603 0.074401
0 0.552261 0.659294 0.119071 0.544317
0 0.417557 0.439715 0.0274678 0.149401
0 0.929266 0.598901 0.057349 0.29647
9 0.422758 0.241233 0.0293978 0.13755
1 0.595812 0.825188 0.308656 0.334832
0 0.0198057 0.736924 0.0390049 0.509526
3 0.187071 0.685728 0.336199 0.609301
5 0.728637 0.412619 0.306797 0.374615
9 0.451198 0.230817 0.0243778 0.165999
9 0.344152 0.330388 0.0137603 0.074401
