2 0.555486 0.636425 0.237743 0.317144
0 0.0285976 0.505823 0.0570004 0.274305
0 0.870976 0.520157 0.0388668 0.210386
0 0.191262 0.503321 0.0524708 0.271194
0 0.132023 0.526697 0.0517945 0.260051
0 0.0775969 0.513491 0.0490159 0.288783
0 0.361061 0.546044 0.0468587 0.304374
2 0.650773 0.574729 0.081212 0.146842
0 0.265189 0.58813 0.0546098 0.319172
0 0.308663 0.507074 0.0419149 0.28056
0 0.798689 0.484435 0.033568 0.181825
9 0.69103 0.221242 0.0562912 0.168012
26 0.261303 0.553734 0.0543302 0.148648
0 0.744308 0.487577 0.0278422 0.164701
2 0.555486 0.636425 0.237743 0.317144
0 0.0285976 0.505823 0.0570004 0.274305
0 0.870976 0.520157 0.0388668 0.210386
0 0.191262 0.503321 0.0524708 0.271194
0 0.132023 0.526697 0.0517945 0.260051
0 0.0775969 0.513491 0.0490159 0.288783
0 0.361061 0.546044 0.0468587 0.304374
2 0.650773 0.574729 0.081212 0.146842
0 0.265189 0.58813 0.0546098 0.319172
0 0.308663 0.507074 0.0419149 0.28056
0 0.798689 0.484435 0.033568 0.181825
9 0.69103 0.221242 0.0562912 0.168012
26 0.261303 0.553734 0.0543302 0.148648
0 0.744308 0.487577 0.0278422 0.164701
