2 0.446202 0.759473 0.564757 0.461675
2 0.480486 0.552799 0.286553 0.319546
2 0.794401 0.773507 0.410197 0.443234
2 0.18297 0.496446 0.180416 0.260766
2 0.610291 0.500244 0.216627 0.22776
2 0.304213 0.44744 0.125631 0.177908
0 0.903912 0.502582 0.0547194 0.202253
0 0.84523 0.445444 0.0348656 0.172997
2 0.739653 0.462969 0.151047 0.183842
2 0.365008 0.383606 0.0993019 0.0792158
2 0.116384 0.391228 0.0748967 0.111076
2 0.167712 0.335225 0.0525864 0.0667771
0 0.644967 0.387496 0.0214317 0.109305
0 0.592316 0.36464 0.0192062 0.0653517
2 0.220285 0.370709 0.0754153 0.0788975
2 0.446202 0.759473 0.564757 0.461675
2 0.480486 0.552799 0.286553 0.319546
2 0.794401 0.773507 0.410197 0.443234
2 0.18297 0.496446 0.180416 0.260766
2 0.610291 0.500244 0.216627 0.22776
2 0.304213 0.44744 0.125631 0.177908
0 0.903912 0.502582 0.0547194 0.202253
0 0.84523 0.445444 0.0348656 0.172997
2 0.739653 0.462969 0.151047 0.183842
2 0.365008 0.383606 0.0993019 0.0792158
2 0.116384 0.391228 0.0748967 0.111076
2 0.167712 0.335225 0.0525864 0.0667771
0 0.644967 0.387496 0.0214317 0.109305
0 0.592316 0.36464 0.0192062 0.0653517
2 0.220285 0.370709 0.0754153 0.0788975
