5 0.601766 0.193514 0.325804 0.348449
2 0.0827024 0.450363 0.164401 0.514691
0 0.64938 0.749395 0.269454 0.488832
0 0.87982 0.6422 0.127135 0.705865
0 0.675996 0.490702 0.107321 0.501674
0 0.769923 0.504137 0.0940506 0.506769
0 0.392601 0.349829 0.0607214 0.261805
0 0.557884 0.395424 0.0524817 0.269834
0 0.815361 0.593557 0.09998 0.57465
1 0.9789 0.765001 0.0415936 0.212987
0 0.981283 0.396486 0.037011 0.319097
0 0.290725 0.286397 0.0527484 0.143628
0 0.938185 0.588194 0.0640862 0.648491
1 0.414541 0.456786 0.0756084 0.248356
0 0.358126 0.300575 0.0348373 0.161022
5 0.601766 0.193514 0.325804 0.348449
2 0.0827024 0.450363 0.164401 0.514691
0 0.64938 0.749395 0.269454 0.488832
0 0.87982 0.6422 0.127135 0.705865
0 0.675996 0.490702 0.107321 0.501674
0 0.769923 0.504137 0.0940506 0.506769
0 0.392601 0.349829 0.0607214 0.261805
0 0.557884 0.395424 0.0524817 0.269834
0 0.815361 0.593557 0.09998 0.57465
1 0.9789 0.765001 0.0415936 0.212987
0 0.981283 0.396486 0.037011 0.319097
0 0.290725 0.286397 0.0527484 0.143628
0 0.938185 0.588194 0.0640862 0.648491
1 0.414541 0.456786 0.0756084 0.248356
0 0.358126 0.300575 0.0348373 0.161022
