2 0.254132 0.741741 0.50759 0.385223
2 0.557586 0.663844 0.303309 0.28396
2 0.942095 0.628789 0.114795 0.333888
2 0.723374 0.617587 0.233757 0.217189
0 0.155389 0.520169 0.043342 0.135863
0 0.0474908 0.551937 0.0635979 0.243666
0 0.209244 0.495243 0.0522191 0.125453
0 0.89365 0.562837 0.0308842 0.185104
0 0.118847 0.527303 0.0423261 0.175697
0 0.816447 0.521296 0.0387247 0.151337
9 0.709154 0.27843 0.0571339 0.171869
0 0.32816 0.491748 0.0402225 0.125648
0 0.779211 0.520423 0.0293071 0.125744
0 0.845321 0.542169 0.029907 0.175052
0 0.37466 0.515108 0.0570587 0.13136
0 0.274932 0.480962 0.0459958 0.13449
2 0.254132 0.741741 0.50759 0.385223
2 0.557586 0.663844 0.303309 0.28396
2 0.942095 0.628789 0.114795 0.333888
2 0.723374 0.617587 0.233757 0.217189
0 0.155389 0.520169 0.043342 0.135863
0 0.0474908 0.551937 0.0635979 0.243666
0 0.209244 0.495243 0.0522191 0.125453
0 0.89365 0.562837 0.0308842 0.185104
0 0.118847 0.527303 0.0423261 0.175697
0 0.816447 0.521296 0.0387247 0.151337
9 0.709154 0.27843 0.0571339 0.171869
0 0.32816 0.491748 0.0402225 0.125648
0 0.779211 0.520423 0.0293071 0.125744
0 0.845321 0.542169 0.029907 0.175052
0 0.37466 0.515108 0.0570587 0.13136
0 0.274932 0.480962 0.0459958 0.13449
