0 0.601912 0.764218 0.147147 0.469226
0 0.377681 0.784488 0.16592 0.428906
0 0.937392 0.859975 0.124043 0.271994
0 0.0638347 0.711267 0.127065 0.517467
0 0.698904 0.597472 0.0663004 0.369325
2 0.532997 0.388156 0.1309 0.157683
2 0.677721 0.371044 0.169189 0.182564
2 0.24212 0.513374 0.482431 0.442121
0 0.749677 0.554309 0.0584021 0.329147
2 0.783786 0.35301 0.0694953 0.131904
0 0.0463085 0.848815 0.0921254 0.288165
0 0.862542 0.510471 0.0686302 0.245684
0 0.963386 0.516679 0.058338 0.257967
3 0.54511 0.490277 0.0973309 0.160625
1 0.987607 0.618598 0.0240013 0.17797
0 0.601912 0.764218 0.147147 0.469226
0 0.377681 0.784488 0.16592 0.428906
0 0.937392 0.859975 0.124043 0.271994
0 0.0638347 0.711267 0.127065 0.517467
0 0.698904 0.597472 0.0663004 0.369325
2 0.532997 0.388156 0.1309 0.157683
2 0.677721 0.371044 0.169189 0.182564
2 0.24212 0.513374 0.482431 0.442121
0 0.749677 0.554309 0.0584021 0.329147
2 0.783786 0.35301 0.0694953 0.131904
0 0.0463085 0.848815 0.0921254 0.288165
0 0.862542 0.510471 0.0686302 0.245684
0 0.963386 0.516679 0.058338 0.257967
3 0.54511 0.490277 0.0973309 0.160625
1 0.987607 0.618598 0.0240013 0.17797
