0 0.198643 0.78776 0.152472 0.417175
0 0.580325 0.687206 0.0967637 0.446752
2 0.383951 0.529803 0.292446 0.363926
0 0.948273 0.838033 0.102345 0.318755
0 0.485979 0.728841 0.096789 0.515185
0 0.666003 0.639222 0.0706356 0.4196
0 0.742469 0.561061 0.051898 0.329823
3 0.371929 0.723213 0.159441 0.302795
0 0.707454 0.570808 0.0464663 0.285071
0 0.960429 0.522455 0.0482624 0.253174
0 0.875785 0.450917 0.0444412 0.191511
0 0.429187 0.516612 0.0862826 0.192945
7 0.133519 0.475373 0.266005 0.389806
2 0.857802 0.371057 0.0810192 0.108118
0 0.77796 0.451424 0.041055 0.172826
1 0.897438 0.570595 0.0419573 0.139883
2 0.532901 0.359412 0.0888969 0.0747516
