2 0.359765 0.403423 0.419492 0.362056
2 0.745366 0.464977 0.507135 0.333442
2 0.100437 0.359942 0.199565 0.259351
2 0.196194 0.149865 0.118904 0.0906165
2 0.498018 0.69388 0.991466 0.592684
3 0.856418 0.252563 0.112176 0.134421
2 0.617464 0.254463 0.335228 0.148185
2 0.140637 0.160798 0.110088 0.0962667
2 0.343643 0.193215 0.164305 0.117346
0 0.067503 0.171983 0.0277122 0.118622
2 0.291439 0.137874 0.0988374 0.0863406
2 0.0273537 0.168972 0.0533004 0.0942574
2 0.918291 0.135516 0.0900715 0.0775258
2 0.359765 0.403423 0.419492 0.362056
2 0.745366 0.464977 0.507135 0.333442
2 0.100437 0.359942 0.199565 0.259351
2 0.196194 0.149865 0.118904 0.0906165
2 0.498018 0.69388 0.991466 0.592684
3 0.856418 0.252563 0.112176 0.134421
2 0.617464 0.254463 0.335228 0.148185
2 0.140637 0.160798 0.110088 0.0962667
2 0.343643 0.193215 0.164305 0.117346
0 0.067503 0.171983 0.0277122 0.118622
2 0.291439 0.137874 0.0988374 0.0863406
2 0.0273537 0.168972 0.0533004 0.0942574
2 0.918291 0.135516 0.0900715 0.0775258
