5 0.465168 0.686473 0.698561 0.598658
2 0.904236 0.579859 0.191499 0.246069
5 0.58032 0.2993 0.399325 0.242971
0 0.783503 0.942445 0.0609919 0.115111
2 0.528522 0.916062 0.386633 0.147893
0 0.378046 0.419298 0.0854551 0.220504
0 0.201728 0.39266 0.0356908 0.136669
2 0.864771 0.249883 0.101738 0.12698
0 0.411484 0.360351 0.047208 0.138105
0 0.478984 0.748038 0.0533423 0.233518
2 0.949029 0.371505 0.101695 0.178146
0 0.322283 0.372067 0.0295092 0.0987445
0 0.302346 0.332543 0.0311615 0.0886781
9 0.64792 0.0937764 0.0215567 0.111504
5 0.465168 0.686473 0.698561 0.598658
2 0.904236 0.579859 0.191499 0.246069
5 0.58032 0.2993 0.399325 0.242971
0 0.783503 0.942445 0.0609919 0.115111
2 0.528522 0.916062 0.386633 0.147893
0 0.378046 0.419298 0.0854551 0.220504
0 0.201728 0.39266 0.0356908 0.136669
2 0.864771 0.249883 0.101738 0.12698
0 0.411484 0.360351 0.047208 0.138105
0 0.478984 0.748038 0.0533423 0.233518
2 0.949029 0.371505 0.101695 0.178146
0 0.322283 0.372067 0.0295092 0.0987445
0 0.302346 0.332543 0.0311615 0.0886781
9 0.64792 0.0937764 0.0215567 0.111504
