0 0.586982 0.766129 0.14176 0.463721
0 0.737746 0.83123 0.161529 0.334143
2 0.443834 0.627154 0.277325 0.307914
2 0.251785 0.444232 0.150763 0.106525
0 0.960495 0.587719 0.0599316 0.275163
2 0.642264 0.473328 0.109757 0.112425
2 0.39665 0.507383 0.203104 0.172196
2 0.881096 0.477518 0.108511 0.113307
0 0.874946 0.557137 0.0395378 0.232477
2 0.959591 0.459892 0.0773943 0.0849486
2 0.705423 0.406956 0.0339645 0.0551887
0 0.0473511 0.414226 0.0208788 0.122767
0 0.570816 0.472477 0.046933 0.120501
2 0.752038 0.534243 0.101963 0.23117
0 0.0786554 0.412221 0.0171701 0.0952343
