0 0.231797 0.668894 0.411966 0.648957
0 0.561702 0.68724 0.203558 0.609414
0 0.943814 0.435076 0.111875 0.45403
0 0.834807 0.622694 0.287445 0.738038
0 0.672937 0.589542 0.129665 0.788744
0 0.348471 0.626024 0.174014 0.456841
0 0.941716 0.819989 0.115997 0.343621
5 0.492638 0.333817 0.981634 0.667633
0 0.240577 0.347089 0.0714772 0.101044
0 0.0600439 0.814616 0.119747 0.347673
0 0.0184817 0.641457 0.0364578 0.365376
0 0.231797 0.668894 0.411966 0.648957
0 0.561702 0.68724 0.203558 0.609414
0 0.943814 0.435076 0.111875 0.45403
0 0.834807 0.622694 0.287445 0.738038
0 0.672937 0.589542 0.129665 0.788744
0 0.348471 0.626024 0.174014 0.456841
0 0.941716 0.819989 0.115997 0.343621
5 0.492638 0.333817 0.981634 0.667633
0 0.240577 0.347089 0.0714772 0.101044
0 0.0600439 0.814616 0.119747 0.347673
0 0.0184817 0.641457 0.0364578 0.365376
