0 0.0408956 0.450308 0.0502285 0.415493
7 0.537111 0.588779 0.386068 0.524268
0 0.0742866 0.359111 0.0427668 0.262512
7 0.253459 0.292149 0.155208 0.285214
2 0.309073 0.460781 0.174531 0.334338
0 0.72461 0.275662 0.0459039 0.0669005
7 0.308665 0.459435 0.17519 0.333202
0 0.0408956 0.450308 0.0502285 0.415493
7 0.537111 0.588779 0.386068 0.524268
0 0.0742866 0.359111 0.0427668 0.262512
7 0.253459 0.292149 0.155208 0.285214
2 0.309073 0.460781 0.174531 0.334338
0 0.72461 0.275662 0.0459039 0.0669005
7 0.308665 0.459435 0.17519 0.333202
