2 0.393967 0.429832 0.326577 0.309475
0 0.19526 0.787857 0.149552 0.418836
2 0.177295 0.425932 0.295573 0.239295
0 0.447898 0.74423 0.12823 0.50835
0 0.665843 0.674409 0.0974325 0.495839
2 0.686801 0.427964 0.257308 0.299404
3 0.0755806 0.725066 0.150432 0.527958
1 0.379923 0.635547 0.113226 0.263432
0 0.967594 0.498214 0.0612011 0.282748
0 0.748081 0.540009 0.0546263 0.335919
2 0.566704 0.3172 0.124137 0.113432
0 0.024514 0.318229 0.029147 0.13085
1 0.540426 0.621621 0.0874027 0.176918
0 0.420725 0.42835 0.072694 0.22258
0 0.71233 0.557804 0.0447056 0.302201
0 0.0808997 0.309401 0.0261067 0.12436
