0 0.916946 0.728456 0.165255 0.52591
0 0.116707 0.669421 0.224773 0.587525
2 0.0630281 0.604318 0.125315 0.299105
0 0.748863 0.803897 0.137313 0.380528
0 0.824062 0.62506 0.0709053 0.304313
0 0.382251 0.713088 0.182854 0.547063
0 0.289309 0.672326 0.161018 0.53217
0 0.593487 0.563477 0.0516296 0.256332
1 0.618094 0.662263 0.135689 0.196745
3 0.517153 0.601543 0.059137 0.148827
0 0.643237 0.560541 0.0581957 0.211826
9 0.355071 0.265705 0.0282383 0.140299
0 0.499521 0.54603 0.048729 0.176648
0 0.72363 0.528778 0.056462 0.164312
24 0.461528 0.737265 0.0749126 0.292054
