0 0.589021 0.680214 0.219868 0.621043
0 0.414876 0.801367 0.223371 0.390784
0 0.860228 0.569439 0.0786219 0.299127
0 0.238011 0.617248 0.164538 0.430634
0 0.0642643 0.606171 0.128529 0.562747
2 0.941212 0.589245 0.116828 0.334704
0 0.196767 0.563354 0.144604 0.338306
9 0.372011 0.222131 0.0293356 0.137086
0 0.426781 0.431217 0.0329708 0.125476
0 0.809661 0.517058 0.0447944 0.228086
9 0.401559 0.210303 0.0240925 0.16834
9 0.292497 0.299803 0.0153616 0.0586173
3 0.167496 0.823553 0.334993 0.334278
0 0.515434 0.504714 0.0738664 0.234317
2 0.0788946 0.470285 0.157033 0.27708
