5 0.114084 0.64708 0.227232 0.573451
5 0.594658 0.330698 0.271697 0.29414
5 0.410635 0.175376 0.1833 0.195166
5 0.869062 0.192804 0.125044 0.166795
0 0.404972 0.706222 0.0568653 0.268848
5 0.94085 0.158094 0.117541 0.187771
1 0.331984 0.746695 0.093029 0.183736
0 0.656578 0.59613 0.0509276 0.226602
0 0.72148 0.528088 0.0354388 0.196117
5 0.0332776 0.166638 0.0663057 0.150796
0 0.156854 0.868038 0.0589986 0.257443
5 0.114084 0.64708 0.227232 0.573451
5 0.594658 0.330698 0.271697 0.29414
5 0.410635 0.175376 0.1833 0.195166
5 0.869062 0.192804 0.125044 0.166795
0 0.404972 0.706222 0.0568653 0.268848
5 0.94085 0.158094 0.117541 0.187771
1 0.331984 0.746695 0.093029 0.183736
0 0.656578 0.59613 0.0509276 0.226602
0 0.72148 0.528088 0.0354388 0.196117
5 0.0332776 0.166638 0.0663057 0.150796
0 0.156854 0.868038 0.0589986 0.257443
