5 0.634908 0.493363 0.729445 0.978937
0 0.204198 0.877073 0.208293 0.24339
2 0.0280898 0.263782 0.0558383 0.0985282
0 0.15025 0.679691 0.0943337 0.175758
0 0.11392 0.861857 0.135822 0.271716
2 0.0590803 0.233643 0.0520381 0.0801232
7 0.168486 0.227565 0.0636573 0.130229
7 0.236219 0.272206 0.0770511 0.181475
0 0.150199 0.577875 0.0757338 0.263799
0 0.128484 0.265318 0.0256199 0.104982
0 0.342944 0.252364 0.0253721 0.0835685
5 0.634908 0.493363 0.729445 0.978937
0 0.204198 0.877073 0.208293 0.24339
2 0.0280898 0.263782 0.0558383 0.0985282
0 0.15025 0.679691 0.0943337 0.175758
0 0.11392 0.861857 0.135822 0.271716
2 0.0590803 0.233643 0.0520381 0.0801232
7 0.168486 0.227565 0.0636573 0.130229
7 0.236219 0.272206 0.0770511 0.181475
0 0.150199 0.577875 0.0757338 0.263799
0 0.128484 0.265318 0.0256199 0.104982
0 0.342944 0.252364 0.0253721 0.0835685
