2 0.261556 0.748636 0.501346 0.484895
2 0.715546 0.562485 0.222301 0.261947
2 0.362972 0.476304 0.267299 0.18747
2 0.619627 0.468173 0.0748349 0.124435
0 0.851047 0.493212 0.038603 0.0856233
2 0.863539 0.461651 0.0928497 0.0864576
0 0.981902 0.584379 0.0357189 0.289307
0 0.0414705 0.434339 0.0327402 0.13133
2 0.657769 0.495365 0.129923 0.163199
2 0.15303 0.541442 0.151134 0.180844
2 0.261556 0.748636 0.501346 0.484895
2 0.715546 0.562485 0.222301 0.261947
2 0.362972 0.476304 0.267299 0.18747
2 0.619627 0.468173 0.0748349 0.124435
0 0.851047 0.493212 0.038603 0.0856233
2 0.863539 0.461651 0.0928497 0.0864576
0 0.981902 0.584379 0.0357189 0.289307
0 0.0414705 0.434339 0.0327402 0.13133
2 0.657769 0.495365 0.129923 0.163199
2 0.15303 0.541442 0.151134 0.180844
