2 0.811754 0.714334 0.375884 0.478549
2 0.220413 0.601118 0.234154 0.325256
2 0.0886192 0.69592 0.175968 0.589372
2 0.58811 0.566588 0.237741 0.267749
2 0.454705 0.514738 0.170795 0.171427
0 0.961136 0.53228 0.0713812 0.293075
2 0.845692 0.425372 0.0811478 0.110454
2 0.376618 0.47918 0.116507 0.181298
2 0.775836 0.408069 0.0702196 0.101999
2 0.144749 0.422005 0.072898 0.0930565
2 0.53378 0.420479 0.141601 0.0859692
2 0.811754 0.714334 0.375884 0.478549
2 0.220413 0.601118 0.234154 0.325256
2 0.0886192 0.69592 0.175968 0.589372
2 0.58811 0.566588 0.237741 0.267749
2 0.454705 0.514738 0.170795 0.171427
0 0.961136 0.53228 0.0713812 0.293075
2 0.845692 0.425372 0.0811478 0.110454
2 0.376618 0.47918 0.116507 0.181298
2 0.775836 0.408069 0.0702196 0.101999
2 0.144749 0.422005 0.072898 0.0930565
2 0.53378 0.420479 0.141601 0.0859692
