2 0.590166 0.385476 0.187005 0.153694
0 0.0573166 0.363068 0.0464334 0.26638
0 0.950696 0.379948 0.0461674 0.166053
7 0.729665 0.674307 0.512343 0.631371
2 0.443506 0.375395 0.0932243 0.172309
5 0.285712 0.316113 0.230856 0.38684
2 0.456976 0.338779 0.0944187 0.115106
0 0.983798 0.376707 0.0317451 0.167092
2 0.339776 0.527626 0.22141 0.405173
0 0.683532 0.314158 0.0307062 0.121019
0 0.600837 0.274992 0.0368047 0.074201
2 0.730558 0.677348 0.514392 0.623173
2 0.590166 0.385476 0.187005 0.153694
0 0.0573166 0.363068 0.0464334 0.26638
0 0.950696 0.379948 0.0461674 0.166053
7 0.729665 0.674307 0.512343 0.631371
2 0.443506 0.375395 0.0932243 0.172309
5 0.285712 0.316113 0.230856 0.38684
2 0.456976 0.338779 0.0944187 0.115106
0 0.983798 0.376707 0.0317451 0.167092
2 0.339776 0.527626 0.22141 0.405173
0 0.683532 0.314158 0.0307062 0.121019
0 0.600837 0.274992 0.0368047 0.074201
2 0.730558 0.677348 0.514392 0.623173
