5 0.376308 0.355598 0.218409 0.298742
0 0.0209105 0.604933 0.0416507 0.255352
0 0.080876 0.830856 0.115904 0.329301
0 0.610269 0.399496 0.0242165 0.145816
0 0.552525 0.396591 0.0268881 0.130006
2 0.253564 0.487775 0.206815 0.298347
2 0.139535 0.395359 0.060152 0.130781
0 0.11351 0.558405 0.0538999 0.277444
0 0.293363 0.967214 0.0859111 0.0645966
0 0.144964 0.935197 0.157495 0.129606
5 0.376308 0.355598 0.218409 0.298742
0 0.0209105 0.604933 0.0416507 0.255352
0 0.080876 0.830856 0.115904 0.329301
0 0.610269 0.399496 0.0242165 0.145816
0 0.552525 0.396591 0.0268881 0.130006
2 0.253564 0.487775 0.206815 0.298347
2 0.139535 0.395359 0.060152 0.130781
0 0.11351 0.558405 0.0538999 0.277444
0 0.293363 0.967214 0.0859111 0.0645966
0 0.144964 0.935197 0.157495 0.129606
