0 0.240174 0.605283 0.178361 0.775429
0 0.798462 0.607093 0.224507 0.769155
0 0.526793 0.481242 0.16668 0.566246
0 0.889808 0.556693 0.162413 0.804635
1 0.443804 0.604748 0.19596 0.429205
0 0.444902 0.325207 0.113168 0.413825
0 0.104181 0.245763 0.0653068 0.32244
0 0.236564 0.238776 0.0757027 0.273539
1 0.0968995 0.346154 0.0457861 0.188392
0 0.240174 0.605283 0.178361 0.775429
0 0.798462 0.607093 0.224507 0.769155
0 0.526793 0.481242 0.16668 0.566246
0 0.889808 0.556693 0.162413 0.804635
1 0.443804 0.604748 0.19596 0.429205
0 0.444902 0.325207 0.113168 0.413825
0 0.104181 0.245763 0.0653068 0.32244
0 0.236564 0.238776 0.0757027 0.273539
1 0.0968995 0.346154 0.0457861 0.188392
