0 0.0794211 0.732743 0.158209 0.519517
0 0.933998 0.794258 0.130854 0.403633
5 0.0718835 0.385941 0.143167 0.762424
2 0.746327 0.423798 0.0972977 0.142366
0 0.803555 0.790295 0.0987381 0.416466
1 0.597219 0.803797 0.0855635 0.342636
2 0.389368 0.442458 0.288276 0.237358
0 0.167113 0.553059 0.0894178 0.299732
1 0.476926 0.634876 0.0963341 0.205205
0 0.603636 0.624743 0.089113 0.344471
7 0.831982 0.345079 0.0809678 0.138199
0 0.488543 0.521815 0.0639402 0.281033
5 0.634602 0.330145 0.213028 0.148736
0 0.793835 0.646152 0.095242 0.314243
0 0.238007 0.486801 0.0753645 0.196941
2 0.650375 0.595303 0.111838 0.348112
0 0.695924 0.828443 0.122696 0.334053
0 0.0794211 0.732743 0.158209 0.519517
0 0.933998 0.794258 0.130854 0.403633
5 0.0718835 0.385941 0.143167 0.762424
2 0.746327 0.423798 0.0972977 0.142366
0 0.803555 0.790295 0.0987381 0.416466
1 0.597219 0.803797 0.0855635 0.342636
2 0.389368 0.442458 0.288276 0.237358
0 0.167113 0.553059 0.0894178 0.299732
1 0.476926 0.634876 0.0963341 0.205205
0 0.603636 0.624743 0.089113 0.344471
7 0.831982 0.345079 0.0809678 0.138199
0 0.488543 0.521815 0.0639402 0.281033
5 0.634602 0.330145 0.213028 0.148736
0 0.793835 0.646152 0.095242 0.314243
0 0.238007 0.486801 0.0753645 0.196941
2 0.650375 0.595303 0.111838 0.348112
0 0.695924 0.828443 0.122696 0.334053
