0 0.933921 0.781712 0.131261 0.429496
2 0.726243 0.425857 0.126191 0.174101
0 0.80841 0.782792 0.0991867 0.428167
0 0.422645 0.760021 0.152942 0.473797
2 0.261844 0.461131 0.3768 0.316104
7 0.5525 0.366661 0.214458 0.250292
2 0.381132 0.52399 0.205139 0.302557
0 0.713899 0.859623 0.13319 0.276765
0 0.212818 0.609789 0.112683 0.378545
0 0.941127 0.482959 0.0436508 0.180101
3 0.173592 0.786882 0.341564 0.39239
7 0.834161 0.354025 0.0968205 0.189747
0 0.0848691 0.672922 0.10137 0.514494
0 0.951114 0.574714 0.0972694 0.201028
0 0.933921 0.781712 0.131261 0.429496
2 0.726243 0.425857 0.126191 0.174101
0 0.80841 0.782792 0.0991867 0.428167
0 0.422645 0.760021 0.152942 0.473797
2 0.261844 0.461131 0.3768 0.316104
7 0.5525 0.366661 0.214458 0.250292
2 0.381132 0.52399 0.205139 0.302557
0 0.713899 0.859623 0.13319 0.276765
0 0.212818 0.609789 0.112683 0.378545
0 0.941127 0.482959 0.0436508 0.180101
3 0.173592 0.786882 0.341564 0.39239
7 0.834161 0.354025 0.0968205 0.189747
0 0.0848691 0.672922 0.10137 0.514494
0 0.951114 0.574714 0.0972694 0.201028
