0 0.198314 0.773696 0.229342 0.445759
0 0.887498 0.589571 0.114797 0.408119
0 0.616546 0.850664 0.191742 0.291757
2 0.511615 0.42664 0.211794 0.253568
0 0.600058 0.647898 0.0804668 0.435297
0 0.749372 0.53192 0.0536604 0.329699
0 0.345073 0.561636 0.10315 0.392904
2 0.660508 0.391601 0.098215 0.161958
0 0.244836 0.441084 0.0791134 0.257152
0 0.971987 0.49366 0.0541218 0.248899
0 0.671898 0.525562 0.0596518 0.263283
0 0.711776 0.542837 0.0537287 0.291309
2 0.74668 0.36273 0.123847 0.161483
0 0.121351 0.478094 0.0871538 0.331337
2 0.111532 0.487638 0.222614 0.311714
1 0.982726 0.589342 0.0337955 0.206531
2 0.339495 0.389205 0.147633 0.173331
1 0.802745 0.560211 0.0514317 0.186677
1 0.392502 0.658471 0.302358 0.276289
2 0.292417 0.390245 0.240125 0.176901
0 0.665694 0.785785 0.0844598 0.367322
0 0.198314 0.773696 0.229342 0.445759
0 0.887498 0.589571 0.114797 0.408119
0 0.616546 0.850664 0.191742 0.291757
2 0.511615 0.42664 0.211794 0.253568
0 0.600058 0.647898 0.0804668 0.435297
0 0.749372 0.53192 0.0536604 0.329699
0 0.345073 0.561636 0.10315 0.392904
2 0.660508 0.391601 0.098215 0.161958
0 0.244836 0.441084 0.0791134 0.257152
0 0.971987 0.49366 0.0541218 0.248899
0 0.671898 0.525562 0.0596518 0.263283
0 0.711776 0.542837 0.0537287 0.291309
2 0.74668 0.36273 0.123847 0.161483
0 0.121351 0.478094 0.0871538 0.331337
2 0.111532 0.487638 0.222614 0.311714
1 0.982726 0.589342 0.0337955 0.206531
2 0.339495 0.389205 0.147633 0.173331
1 0.802745 0.560211 0.0514317 0.186677
1 0.392502 0.658471 0.302358 0.276289
2 0.292417 0.390245 0.240125 0.176901
0 0.665694 0.785785 0.0844598 0.367322
