5 0.268847 0.302364 0.207159 0.357823
0 0.761269 0.430821 0.0520632 0.23389
0 0.837292 0.405484 0.0425985 0.229791
2 0.921773 0.507611 0.155785 0.360533
2 0.324589 0.488211 0.19656 0.365854
7 0.574048 0.643624 0.4247 0.645346
0 0.0634951 0.362894 0.0442448 0.260141
0 0.724171 0.334976 0.0352266 0.189792
0 0.0950632 0.473434 0.117222 0.368918
0 0.562 0.275732 0.0225625 0.0962304
0 0.615731 0.298221 0.0226954 0.117086
7 0.921157 0.509698 0.156707 0.36243
0 0.682522 0.325838 0.0306112 0.12343
2 0.482699 0.310426 0.0985575 0.0573889
