0 0.703007 0.360817 0.0936848 0.266111
0 0.169743 0.858267 0.17794 0.276686
2 0.294113 0.286389 0.143291 0.235483
0 0.859064 0.424409 0.11349 0.306118
7 0.179812 0.218785 0.0896589 0.149916
5 0.695614 0.495111 0.60251 0.989312
2 0.0632447 0.211089 0.0482028 0.0748177
0 0.469794 0.276501 0.0402246 0.142576
0 0.152329 0.561593 0.0860696 0.263524
2 0.0307521 0.238191 0.0470693 0.0565482
0 0.148089 0.660007 0.0932338 0.174399
0 0.52058 0.313883 0.0410026 0.120262
0 0.436417 0.259753 0.0405346 0.136711
0 0.0215947 0.296847 0.0394767 0.116882
0 0.703007 0.360817 0.0936848 0.266111
0 0.169743 0.858267 0.17794 0.276686
2 0.294113 0.286389 0.143291 0.235483
0 0.859064 0.424409 0.11349 0.306118
7 0.179812 0.218785 0.0896589 0.149916
5 0.695614 0.495111 0.60251 0.989312
2 0.0632447 0.211089 0.0482028 0.0748177
0 0.469794 0.276501 0.0402246 0.142576
0 0.152329 0.561593 0.0860696 0.263524
2 0.0307521 0.238191 0.0470693 0.0565482
0 0.148089 0.660007 0.0932338 0.174399
0 0.52058 0.313883 0.0410026 0.120262
0 0.436417 0.259753 0.0405346 0.136711
0 0.0215947 0.296847 0.0394767 0.116882
