0 0.252304 0.773033 0.223573 0.448598
0 0.889115 0.36623 0.0628376 0.290175
0 0.132635 0.639732 0.12123 0.514023
0 0.839677 0.362855 0.0564043 0.269123
0 0.953673 0.394906 0.0812204 0.31182
0 0.370528 0.318049 0.0375899 0.219542
0 0.0480025 0.582281 0.0960049 0.452431
0 0.679634 0.340203 0.0723651 0.315411
2 0.0651898 0.208414 0.129922 0.0968056
0 0.252304 0.773033 0.223573 0.448598
0 0.889115 0.36623 0.0628376 0.290175
0 0.132635 0.639732 0.12123 0.514023
0 0.839677 0.362855 0.0564043 0.269123
0 0.953673 0.394906 0.0812204 0.31182
0 0.370528 0.318049 0.0375899 0.219542
0 0.0480025 0.582281 0.0960049 0.452431
0 0.679634 0.340203 0.0723651 0.315411
2 0.0651898 0.208414 0.129922 0.0968056
