2 0.212194 0.608159 0.424041 0.474079
2 0.635456 0.507074 0.168249 0.240251
2 0.780799 0.423725 0.113454 0.12571
2 0.105416 0.78487 0.20955 0.406794
0 0.972921 0.529517 0.0536388 0.284995
2 0.844356 0.39954 0.0583908 0.109321
0 0.500675 0.34289 0.0209574 0.0806703
0 0.0620227 0.34571 0.0197199 0.120517
2 0.250023 0.340414 0.13988 0.0688343
2 0.884613 0.383712 0.0297907 0.0688567
2 0.618403 0.422514 0.126331 0.121873
2 0.212194 0.608159 0.424041 0.474079
2 0.635456 0.507074 0.168249 0.240251
2 0.780799 0.423725 0.113454 0.12571
2 0.105416 0.78487 0.20955 0.406794
0 0.972921 0.529517 0.0536388 0.284995
2 0.844356 0.39954 0.0583908 0.109321
0 0.500675 0.34289 0.0209574 0.0806703
0 0.0620227 0.34571 0.0197199 0.120517
2 0.250023 0.340414 0.13988 0.0688343
2 0.884613 0.383712 0.0297907 0.0688567
2 0.618403 0.422514 0.126331 0.121873
