0 0.934447 0.779811 0.130265 0.432692
2 0.68942 0.454878 0.164774 0.217693
0 0.241636 0.787747 0.148407 0.418676
2 0.221148 0.456491 0.408503 0.280867
0 0.799783 0.793446 0.096291 0.408363
0 0.854628 0.533889 0.0675804 0.260018
0 0.59345 0.607444 0.0904673 0.348674
2 0.158194 0.600091 0.316388 0.399561
0 0.710503 0.842009 0.130748 0.313869
7 0.522665 0.417648 0.209956 0.180788
0 0.813439 0.464193 0.0407606 0.185967
7 0.830349 0.36024 0.115646 0.198063
0 0.940948 0.479911 0.0455755 0.171088
7 0.915276 0.346279 0.0672329 0.12969
