2 0.768786 0.597905 0.460984 0.510246
2 0.577469 0.748101 0.696796 0.47969
2 0.541174 0.34 0.1116 0.208484
2 0.840333 0.416906 0.317434 0.213368
0 0.741282 0.269414 0.0503551 0.101056
0 0.0797544 0.416488 0.0443157 0.410059
0 0.883136 0.286274 0.0357716 0.119989
2 0.052221 0.259112 0.0382566 0.0879395
0 0.114136 0.33101 0.0468434 0.264182
2 0.415605 0.409591 0.175684 0.228172
0 0.404137 0.413146 0.0551975 0.249517
0 0.658118 0.271262 0.0242741 0.122522
2 0.768786 0.597905 0.460984 0.510246
2 0.577469 0.748101 0.696796 0.47969
2 0.541174 0.34 0.1116 0.208484
2 0.840333 0.416906 0.317434 0.213368
0 0.741282 0.269414 0.0503551 0.101056
0 0.0797544 0.416488 0.0443157 0.410059
0 0.883136 0.286274 0.0357716 0.119989
2 0.052221 0.259112 0.0382566 0.0879395
0 0.114136 0.33101 0.0468434 0.264182
2 0.415605 0.409591 0.175684 0.228172
0 0.404137 0.413146 0.0551975 0.249517
0 0.658118 0.271262 0.0242741 0.122522
