0 0.158365 0.69181 0.192099 0.572834
0 0.0327107 0.733786 0.064861 0.522243
0 0.968289 0.595035 0.0627556 0.307675
0 0.751547 0.924536 0.118158 0.150064
0 0.616219 0.58559 0.13284 0.434079
0 0.675786 0.486645 0.0747047 0.273049
0 0.294693 0.409411 0.0504109 0.260337
0 0.737344 0.561189 0.100476 0.322006
0 0.0403983 0.333498 0.0442207 0.189284
0 0.389186 0.383722 0.0478686 0.224198
0 0.232908 0.256109 0.0197753 0.102539
2 0.138968 0.22602 0.0507751 0.0755976
1 0.574484 0.731788 0.227124 0.335095
0 0.14671 0.285628 0.0313066 0.157305
