2 0.788489 0.376853 0.422009 0.373704
2 0.16464 0.548083 0.328016 0.641894
2 0.79172 0.730461 0.414672 0.519904
2 0.416264 0.308193 0.380811 0.260765
2 0.115619 0.243017 0.228693 0.165965
2 0.565199 0.168811 0.169757 0.13188
2 0.182698 0.156363 0.107979 0.100123
2 0.796856 0.144365 0.179124 0.106715
2 0.94735 0.219528 0.104296 0.147773
2 0.0273388 0.130109 0.0542265 0.0637955
2 0.788489 0.376853 0.422009 0.373704
2 0.16464 0.548083 0.328016 0.641894
2 0.79172 0.730461 0.414672 0.519904
2 0.416264 0.308193 0.380811 0.260765
2 0.115619 0.243017 0.228693 0.165965
2 0.565199 0.168811 0.169757 0.13188
2 0.182698 0.156363 0.107979 0.100123
2 0.796856 0.144365 0.179124 0.106715
2 0.94735 0.219528 0.104296 0.147773
2 0.0273388 0.130109 0.0542265 0.0637955
