2 0.163372 0.493748 0.214424 0.19309
2 0.261768 0.537487 0.236315 0.20308
2 0.354159 0.397047 0.149712 0.147517
5 0.426739 0.226273 0.164942 0.160758
5 0.76812 0.268154 0.127436 0.176202
3 0.183915 0.837669 0.184445 0.316948
0 0.374532 0.784337 0.0488893 0.248806
2 0.59254 0.305635 0.0900582 0.0942508
5 0.0516946 0.212848 0.102489 0.126763
2 0.0234651 0.55525 0.0468839 0.10186
0 0.317501 0.78287 0.0524709 0.208992
0 0.325191 0.910862 0.0592018 0.174812
0 0.0615632 0.783482 0.0614888 0.246049
3 0.416732 0.451367 0.0530637 0.121586
0 0.686545 0.450574 0.0316182 0.146658
0 0.56023 0.547184 0.0343216 0.185434
2 0.62329 0.362476 0.0805746 0.115628
2 0.163372 0.493748 0.214424 0.19309
2 0.261768 0.537487 0.236315 0.20308
2 0.354159 0.397047 0.149712 0.147517
5 0.426739 0.226273 0.164942 0.160758
5 0.76812 0.268154 0.127436 0.176202
3 0.183915 0.837669 0.184445 0.316948
0 0.374532 0.784337 0.0488893 0.248806
2 0.59254 0.305635 0.0900582 0.0942508
5 0.0516946 0.212848 0.102489 0.126763
2 0.0234651 0.55525 0.0468839 0.10186
0 0.317501 0.78287 0.0524709 0.208992
0 0.325191 0.910862 0.0592018 0.174812
0 0.0615632 0.783482 0.0614888 0.246049
3 0.416732 0.451367 0.0530637 0.121586
0 0.686545 0.450574 0.0316182 0.146658
0 0.56023 0.547184 0.0343216 0.185434
2 0.62329 0.362476 0.0805746 0.115628
