0 0.7836 0.857382 0.163461 0.27776
2 0.672933 0.334864 0.0824731 0.133248
0 0.130095 0.678003 0.166035 0.574261
7 0.814925 0.313406 0.143258 0.247019
3 0.671456 0.770192 0.115068 0.382214
2 0.586857 0.349119 0.114338 0.181885
0 0.685506 0.574064 0.0931377 0.409577
2 0.728373 0.290869 0.0547196 0.0884747
0 0.765106 0.529981 0.0781656 0.36468
7 0.481739 0.537852 0.285356 0.47824
0 0.0874681 0.544707 0.10787 0.356666
0 0.936875 0.339708 0.0263958 0.1322
0 0.7836 0.857382 0.163461 0.27776
2 0.672933 0.334864 0.0824731 0.133248
0 0.130095 0.678003 0.166035 0.574261
7 0.814925 0.313406 0.143258 0.247019
3 0.671456 0.770192 0.115068 0.382214
2 0.586857 0.349119 0.114338 0.181885
0 0.685506 0.574064 0.0931377 0.409577
2 0.728373 0.290869 0.0547196 0.0884747
0 0.765106 0.529981 0.0781656 0.36468
7 0.481739 0.537852 0.285356 0.47824
0 0.0874681 0.544707 0.10787 0.356666
0 0.936875 0.339708 0.0263958 0.1322
