5 0.525089 0.422367 0.330241 0.399333
5 0.434652 0.192602 0.185409 0.194107
1 0.12812 0.808551 0.0904417 0.205356
0 0.155385 0.492994 0.0539727 0.193431
2 0.87167 0.476407 0.154884 0.169698
0 0.695321 0.588533 0.042801 0.216795
5 0.89149 0.217607 0.125033 0.175338
0 0.742971 0.539414 0.0366535 0.203025
0 0.0174363 0.91592 0.0347927 0.163945
2 0.785401 0.279879 0.0975015 0.135574
0 0.0374081 0.462297 0.0423658 0.198343
0 0.137097 0.699251 0.0561984 0.272756
5 0.950449 0.172364 0.0991019 0.159476
3 0.213846 0.876501 0.190661 0.234058
5 0.525089 0.422367 0.330241 0.399333
5 0.434652 0.192602 0.185409 0.194107
1 0.12812 0.808551 0.0904417 0.205356
0 0.155385 0.492994 0.0539727 0.193431
2 0.87167 0.476407 0.154884 0.169698
0 0.695321 0.588533 0.042801 0.216795
5 0.89149 0.217607 0.125033 0.175338
0 0.742971 0.539414 0.0366535 0.203025
0 0.0174363 0.91592 0.0347927 0.163945
2 0.785401 0.279879 0.0975015 0.135574
0 0.0374081 0.462297 0.0423658 0.198343
0 0.137097 0.699251 0.0561984 0.272756
5 0.950449 0.172364 0.0991019 0.159476
3 0.213846 0.876501 0.190661 0.234058
