2 0.22528 0.759303 0.448409 0.473406
2 0.67152 0.459309 0.15624 0.172667
2 0.330501 0.501275 0.244102 0.216539
0 0.289611 0.808727 0.210202 0.372092
2 0.794891 0.420138 0.0752728 0.150206
0 0.918751 0.510394 0.0452263 0.243563
0 0.972075 0.530147 0.0555389 0.282408
0 0.545576 0.363348 0.0352335 0.122807
2 0.23685 0.359617 0.128393 0.0951565
0 0.0817675 0.393028 0.0291402 0.134549
0 0.8732 0.95502 0.124814 0.0870165
0 0.201865 0.361104 0.0225149 0.105942
0 0.0551914 0.35431 0.0195928 0.113383
2 0.961641 0.398217 0.0739248 0.073455
2 0.22528 0.759303 0.448409 0.473406
2 0.67152 0.459309 0.15624 0.172667
2 0.330501 0.501275 0.244102 0.216539
0 0.289611 0.808727 0.210202 0.372092
2 0.794891 0.420138 0.0752728 0.150206
0 0.918751 0.510394 0.0452263 0.243563
0 0.972075 0.530147 0.0555389 0.282408
0 0.545576 0.363348 0.0352335 0.122807
2 0.23685 0.359617 0.128393 0.0951565
0 0.0817675 0.393028 0.0291402 0.134549
0 0.8732 0.95502 0.124814 0.0870165
0 0.201865 0.361104 0.0225149 0.105942
0 0.0551914 0.35431 0.0195928 0.113383
2 0.961641 0.398217 0.0739248 0.073455
