0 0.507197 0.740864 0.151306 0.511267
0 0.681054 0.658197 0.090306 0.458804
2 0.548712 0.467672 0.365925 0.382766
0 0.196243 0.787823 0.156431 0.41841
2 0.240466 0.439619 0.357141 0.324071
0 0.747428 0.547779 0.0563452 0.323096
0 0.067071 0.611556 0.0740229 0.532797
0 0.96763 0.501393 0.0570316 0.276157
0 0.817879 0.470454 0.0537535 0.233693
2 0.4866 0.310379 0.152598 0.0963386
0 0.882425 0.498839 0.063863 0.261338
26 0.642509 0.759372 0.0289157 0.130086
2 0.0788569 0.455575 0.157714 0.281226
1 0.278437 0.757269 0.100988 0.223409
0 0.507197 0.740864 0.151306 0.511267
0 0.681054 0.658197 0.090306 0.458804
2 0.548712 0.467672 0.365925 0.382766
0 0.196243 0.787823 0.156431 0.41841
2 0.240466 0.439619 0.357141 0.324071
0 0.747428 0.547779 0.0563452 0.323096
0 0.067071 0.611556 0.0740229 0.532797
0 0.96763 0.501393 0.0570316 0.276157
0 0.817879 0.470454 0.0537535 0.233693
2 0.4866 0.310379 0.152598 0.0963386
0 0.882425 0.498839 0.063863 0.261338
26 0.642509 0.759372 0.0289157 0.130086
2 0.0788569 0.455575 0.157714 0.281226
1 0.278437 0.757269 0.100988 0.223409
