0 0.109748 0.514068 0.0927208 0.426216
0 0.708533 0.511575 0.118666 0.432935
0 0.361196 0.505436 0.136192 0.425387
0 0.854868 0.501244 0.144378 0.487643
1 0.780825 0.662654 0.437304 0.477186
0 0.925726 0.292823 0.0508797 0.247694
0 0.425668 0.397034 0.0767038 0.267637
1 0.329962 0.655329 0.230061 0.350883
7 0.755703 0.198504 0.0885426 0.125498
0 0.146786 0.279462 0.0434233 0.196287
7 0.0440506 0.121253 0.0880445 0.184022
0 0.487649 0.570863 0.116021 0.447135
0 0.807493 0.233491 0.0373104 0.17643
