5 0.47151 0.443769 0.361938 0.408054
5 0.884066 0.220625 0.123071 0.184115
2 0.849358 0.476442 0.155465 0.171945
2 0.757602 0.28778 0.102163 0.124125
0 0.135305 0.501965 0.0545442 0.206475
0 0.6774 0.590089 0.0396713 0.216552
5 0.433636 0.176095 0.184772 0.147818
0 0.735683 0.539581 0.0382381 0.202422
2 0.512104 0.678414 0.119256 0.185241
2 0.705504 0.254374 0.0786487 0.114106
0 0.577275 0.776928 0.07836 0.169939
0 0.0311724 0.538339 0.0593172 0.227722
3 0.849828 0.697545 0.107195 0.229802
5 0.47151 0.443769 0.361938 0.408054
5 0.884066 0.220625 0.123071 0.184115
2 0.849358 0.476442 0.155465 0.171945
2 0.757602 0.28778 0.102163 0.124125
0 0.135305 0.501965 0.0545442 0.206475
0 0.6774 0.590089 0.0396713 0.216552
5 0.433636 0.176095 0.184772 0.147818
0 0.735683 0.539581 0.0382381 0.202422
2 0.512104 0.678414 0.119256 0.185241
2 0.705504 0.254374 0.0786487 0.114106
0 0.577275 0.776928 0.07836 0.169939
0 0.0311724 0.538339 0.0593172 0.227722
3 0.849828 0.697545 0.107195 0.229802
