2 0.610274 0.60368 0.382706 0.404153
2 0.900378 0.450805 0.125446 0.232731
2 0.979925 0.378336 0.0392128 0.100756
9 0.198912 0.108011 0.0353322 0.17088
0 0.077671 0.396736 0.0372905 0.195568
2 0.839775 0.366302 0.131257 0.149751
2 0.220427 0.501455 0.0814585 0.140692
2 0.633188 0.313654 0.0754641 0.0725334
0 0.485093 0.375527 0.0395649 0.0751674
2 0.0324378 0.442843 0.0643016 0.246535
7 0.413604 0.476769 0.321617 0.352539
2 0.726316 0.306744 0.0858206 0.0672789
2 0.610274 0.60368 0.382706 0.404153
2 0.900378 0.450805 0.125446 0.232731
2 0.979925 0.378336 0.0392128 0.100756
9 0.198912 0.108011 0.0353322 0.17088
0 0.077671 0.396736 0.0372905 0.195568
2 0.839775 0.366302 0.131257 0.149751
2 0.220427 0.501455 0.0814585 0.140692
2 0.633188 0.313654 0.0754641 0.0725334
0 0.485093 0.375527 0.0395649 0.0751674
2 0.0324378 0.442843 0.0643016 0.246535
7 0.413604 0.476769 0.321617 0.352539
2 0.726316 0.306744 0.0858206 0.0672789
