5 0.883303 0.471762 0.23216 0.608617
2 0.368032 0.667276 0.435813 0.629891
5 0.404681 0.381406 0.347393 0.383733
1 0.720632 0.662129 0.228942 0.303041
0 0.74971 0.554792 0.0639927 0.294238
2 0.131737 0.393011 0.0735538 0.129576
0 0.684314 0.53423 0.0479725 0.238353
2 0.161602 0.451765 0.0483217 0.131222
2 0.182021 0.363804 0.0336978 0.0408253
5 0.883303 0.471762 0.23216 0.608617
2 0.368032 0.667276 0.435813 0.629891
5 0.404681 0.381406 0.347393 0.383733
1 0.720632 0.662129 0.228942 0.303041
0 0.74971 0.554792 0.0639927 0.294238
2 0.131737 0.393011 0.0735538 0.129576
0 0.684314 0.53423 0.0479725 0.238353
2 0.161602 0.451765 0.0483217 0.131222
2 0.182021 0.363804 0.0336978 0.0408253
