0 0.669387 0.573185 0.14233 0.837932
0 0.9031 0.623805 0.193726 0.732332
0 0.494015 0.307438 0.0785906 0.371595
0 0.792692 0.393525 0.11553 0.507177
0 0.414536 0.314303 0.0865343 0.410894
1 0.572576 0.500348 0.113673 0.378962
0 0.601136 0.323871 0.0945734 0.473117
0 0.550253 0.293088 0.0572667 0.346933
0 0.319289 0.351017 0.0878901 0.429072
2 0.468701 0.178311 0.240881 0.247414
0 0.841172 0.457204 0.113089 0.534813
0 0.669387 0.573185 0.14233 0.837932
0 0.9031 0.623805 0.193726 0.732332
0 0.494015 0.307438 0.0785906 0.371595
0 0.792692 0.393525 0.11553 0.507177
0 0.414536 0.314303 0.0865343 0.410894
1 0.572576 0.500348 0.113673 0.378962
0 0.601136 0.323871 0.0945734 0.473117
0 0.550253 0.293088 0.0572667 0.346933
0 0.319289 0.351017 0.0878901 0.429072
2 0.468701 0.178311 0.240881 0.247414
0 0.841172 0.457204 0.113089 0.534813
