2 0.857196 0.657283 0.284653 0.372738
2 0.115569 0.648237 0.229665 0.359745
2 0.563413 0.553713 0.317861 0.252424
0 0.191097 0.461877 0.0521309 0.209377
0 0.356373 0.526514 0.0625306 0.306818
0 0.30682 0.4903 0.04345 0.281732
0 0.794484 0.435032 0.0328263 0.137584
0 0.875452 0.432835 0.0301426 0.08848
0 0.0373411 0.418688 0.0424924 0.116361
9 0.686053 0.200602 0.0585629 0.168203
2 0.0185073 0.420465 0.0368942 0.100233
0 0.0753441 0.424518 0.0501814 0.120177
0 0.103506 0.470794 0.0495761 0.121684
0 0.127018 0.446454 0.0503435 0.174978
0 0.249698 0.409707 0.0401185 0.144807
