2 0.513292 0.500929 0.128798 0.175479
5 0.61354 0.335434 0.182169 0.215656
2 0.357801 0.424197 0.147191 0.140322
3 0.0762114 0.660026 0.0913739 0.148278
0 0.248528 0.887917 0.0523907 0.223896
0 0.298432 0.921807 0.0582321 0.156386
5 0.468183 0.228203 0.136304 0.134711
0 0.391494 0.640788 0.0456389 0.187781
0 0.529215 0.565299 0.0353016 0.183516
5 0.73007 0.288674 0.058452 0.143135
0 0.577951 0.91648 0.0589909 0.16704
3 0.364233 0.505715 0.0512749 0.108046
0 0.945548 0.891092 0.0562 0.217118
0 0.0997077 0.885245 0.0746979 0.215123
2 0.48602 0.334955 0.104264 0.151841
