5 0.401491 0.478313 0.3019 0.394272
0 0.312748 0.791576 0.0657355 0.300691
5 0.872405 0.213766 0.109357 0.166197
0 0.394269 0.733388 0.0818673 0.244977
5 0.945198 0.18488 0.108474 0.165156
0 0.141839 0.884683 0.0719305 0.224221
0 0.953939 0.648625 0.0509274 0.239842
5 0.391256 0.201873 0.198205 0.175859
2 0.187368 0.88178 0.186605 0.226703
2 0.793413 0.195875 0.0770887 0.0819662
0 0.396285 0.925268 0.0685946 0.148828
2 0.806075 0.245036 0.0423037 0.0795265
5 0.683441 0.323231 0.218992 0.255714
2 0.557403 0.182903 0.0647009 0.101975
