0 0.932564 0.535558 0.13456 0.514892
0 0.515387 0.500544 0.110214 0.407788
0 0.405012 0.815357 0.201997 0.362048
0 0.865647 0.32261 0.0508234 0.223558
0 0.713312 0.715584 0.155265 0.552054
0 0.161746 0.555479 0.158702 0.470893
1 0.184388 0.733019 0.365315 0.356989
0 0.803718 0.306777 0.0445229 0.195868
0 0.710379 0.291261 0.0444763 0.2392
1 0.990158 0.674775 0.0190945 0.198064
0 0.237287 0.404428 0.0819717 0.239357
0 0.672013 0.394417 0.0768766 0.277046
1 0.711563 0.514603 0.157645 0.204831
0 0.301878 0.603268 0.129226 0.49448
0 0.908252 0.295508 0.0382339 0.155868
0 0.63058 0.454043 0.0970797 0.388889
0 0.641658 0.264929 0.0365414 0.115838
0 0.932564 0.535558 0.13456 0.514892
0 0.515387 0.500544 0.110214 0.407788
0 0.405012 0.815357 0.201997 0.362048
0 0.865647 0.32261 0.0508234 0.223558
0 0.713312 0.715584 0.155265 0.552054
0 0.161746 0.555479 0.158702 0.470893
1 0.184388 0.733019 0.365315 0.356989
0 0.803718 0.306777 0.0445229 0.195868
0 0.710379 0.291261 0.0444763 0.2392
1 0.990158 0.674775 0.0190945 0.198064
0 0.237287 0.404428 0.0819717 0.239357
0 0.672013 0.394417 0.0768766 0.277046
1 0.711563 0.514603 0.157645 0.204831
0 0.301878 0.603268 0.129226 0.49448
0 0.908252 0.295508 0.0382339 0.155868
0 0.63058 0.454043 0.0970797 0.388889
0 0.641658 0.264929 0.0365414 0.115838
