0 0.854034 0.573609 0.128734 0.473409
0 0.236247 0.457598 0.0697387 0.342864
1 0.531217 0.765633 0.376803 0.435074
0 0.486001 0.529002 0.132329 0.416705
2 0.0109758 0.251109 0.021831 0.114003
5 0.166078 0.166144 0.144312 0.244777
0 0.555402 0.413301 0.0733101 0.240571
0 0.479857 0.297798 0.054287 0.123695
2 0.904563 0.239009 0.106568 0.133543
0 0.960805 0.283751 0.0469505 0.194022
0 0.969658 0.441427 0.0599808 0.310534
1 0.843027 0.752359 0.313552 0.430954
0 0.623724 0.615384 0.116948 0.476726
0 0.854034 0.573609 0.128734 0.473409
0 0.236247 0.457598 0.0697387 0.342864
1 0.531217 0.765633 0.376803 0.435074
0 0.486001 0.529002 0.132329 0.416705
2 0.0109758 0.251109 0.021831 0.114003
5 0.166078 0.166144 0.144312 0.244777
0 0.555402 0.413301 0.0733101 0.240571
0 0.479857 0.297798 0.054287 0.123695
2 0.904563 0.239009 0.106568 0.133543
0 0.960805 0.283751 0.0469505 0.194022
0 0.969658 0.441427 0.0599808 0.310534
1 0.843027 0.752359 0.313552 0.430954
0 0.623724 0.615384 0.116948 0.476726
