2 0.181774 0.771692 0.357245 0.436065
2 0.659789 0.730236 0.35373 0.407578
2 0.21575 0.580271 0.34891 0.193185
0 0.443363 0.54994 0.0499737 0.246151
2 0.531133 0.529234 0.153878 0.185168
0 0.668665 0.472681 0.0234279 0.117396
5 0.835556 0.446608 0.241528 0.326414
0 0.639338 0.491805 0.0377871 0.0839895
2 0.181774 0.771692 0.357245 0.436065
2 0.659789 0.730236 0.35373 0.407578
2 0.21575 0.580271 0.34891 0.193185
0 0.443363 0.54994 0.0499737 0.246151
2 0.531133 0.529234 0.153878 0.185168
0 0.668665 0.472681 0.0234279 0.117396
5 0.835556 0.446608 0.241528 0.326414
0 0.639338 0.491805 0.0377871 0.0839895
