2 0.486045 0.471908 0.401938 0.367108
0 0.535292 0.788514 0.148341 0.418202
0 0.710746 0.590503 0.0802609 0.363066
0 0.0546625 0.842554 0.108473 0.300735
2 0.271351 0.411013 0.17067 0.177821
0 0.301016 0.84354 0.17654 0.310502
0 0.233261 0.617016 0.147357 0.432026
0 0.74227 0.89683 0.108968 0.204988
0 0.784081 0.541707 0.0687428 0.330048
1 0.050847 0.453101 0.101694 0.137669
0 0.977027 0.501461 0.0450596 0.275302
1 0.287588 0.824783 0.378059 0.341775
0 0.0295858 0.39148 0.0495193 0.214039
0 0.829442 0.470756 0.0499153 0.232833
2 0.0367199 0.301072 0.0731371 0.112282
0 0.125998 0.318084 0.0317742 0.129467
1 0.917794 0.554486 0.0345673 0.129674
0 0.0981487 0.317833 0.0280051 0.123299
