5 0.33404 0.48411 0.518053 0.624908
0 0.944249 0.807192 0.0990297 0.38438
0 0.809386 0.731651 0.137783 0.530331
0 0.715671 0.738979 0.159112 0.506326
0 0.585121 0.833655 0.0805351 0.327876
0 0.0306109 0.656573 0.0593293 0.248842
2 0.62635 0.556046 0.0985636 0.147667
0 0.511749 0.65681 0.0944338 0.263276
2 0.657687 0.449239 0.0649183 0.0742621
3 0.507475 0.766233 0.0781984 0.216953
5 0.33404 0.48411 0.518053 0.624908
0 0.944249 0.807192 0.0990297 0.38438
0 0.809386 0.731651 0.137783 0.530331
0 0.715671 0.738979 0.159112 0.506326
0 0.585121 0.833655 0.0805351 0.327876
0 0.0306109 0.656573 0.0593293 0.248842
2 0.62635 0.556046 0.0985636 0.147667
0 0.511749 0.65681 0.0944338 0.263276
2 0.657687 0.449239 0.0649183 0.0742621
3 0.507475 0.766233 0.0781984 0.216953
