0 0.19957 0.778556 0.226023 0.434826
0 0.678042 0.801591 0.0819387 0.39287
0 0.539032 0.628724 0.0702709 0.414904
2 0.249562 0.465176 0.214969 0.267306
0 0.9322 0.611735 0.122234 0.421803
0 0.747799 0.534668 0.052361 0.329515
0 0.592803 0.657483 0.0871151 0.437885
0 0.709704 0.566088 0.0505283 0.330425
2 0.532714 0.397642 0.0951096 0.202002
2 0.406809 0.380289 0.168968 0.159209
0 0.284899 0.470183 0.0605157 0.296236
2 0.0868921 0.575097 0.172877 0.458157
0 0.812082 0.447224 0.0540443 0.218494
2 0.703631 0.375395 0.0760434 0.127091
0 0.385922 0.439712 0.0662151 0.25508
1 0.50283 0.651744 0.055098 0.149393
2 0.0234834 0.304706 0.046322 0.0943724
0 0.19957 0.778556 0.226023 0.434826
0 0.678042 0.801591 0.0819387 0.39287
0 0.539032 0.628724 0.0702709 0.414904
2 0.249562 0.465176 0.214969 0.267306
0 0.9322 0.611735 0.122234 0.421803
0 0.747799 0.534668 0.052361 0.329515
0 0.592803 0.657483 0.0871151 0.437885
0 0.709704 0.566088 0.0505283 0.330425
2 0.532714 0.397642 0.0951096 0.202002
2 0.406809 0.380289 0.168968 0.159209
0 0.284899 0.470183 0.0605157 0.296236
2 0.0868921 0.575097 0.172877 0.458157
0 0.812082 0.447224 0.0540443 0.218494
2 0.703631 0.375395 0.0760434 0.127091
0 0.385922 0.439712 0.0662151 0.25508
1 0.50283 0.651744 0.055098 0.149393
2 0.0234834 0.304706 0.046322 0.0943724
