2 0.131591 0.536952 0.233133 0.29549
0 0.883771 0.583721 0.0530289 0.306616
2 0.671389 0.456014 0.0550967 0.109651
0 0.714953 0.539132 0.0632242 0.295802
0 0.533567 0.559196 0.0627634 0.347073
1 0.567 0.693178 0.190703 0.268272
9 0.391072 0.233606 0.0275733 0.138045
0 0.839782 0.515856 0.033305 0.194685
1 0.71504 0.676421 0.0643793 0.232232
9 0.133104 0.134114 0.0532703 0.209815
9 0.42242 0.222036 0.0246669 0.170816
2 0.131591 0.536952 0.233133 0.29549
0 0.883771 0.583721 0.0530289 0.306616
2 0.671389 0.456014 0.0550967 0.109651
0 0.714953 0.539132 0.0632242 0.295802
0 0.533567 0.559196 0.0627634 0.347073
1 0.567 0.693178 0.190703 0.268272
9 0.391072 0.233606 0.0275733 0.138045
0 0.839782 0.515856 0.033305 0.194685
1 0.71504 0.676421 0.0643793 0.232232
9 0.133104 0.134114 0.0532703 0.209815
9 0.42242 0.222036 0.0246669 0.170816
