2 0.874751 0.251736 0.054357 0.0701101
0 0.6794 0.745468 0.171057 0.492135
2 0.815813 0.278081 0.0834234 0.0957062
0 0.962792 0.757754 0.0735317 0.467579
2 0.262793 0.704631 0.522982 0.564421
2 0.297135 0.300399 0.186476 0.11177
0 0.505709 0.373235 0.0793349 0.224918
0 0.206521 0.39707 0.0863127 0.156958
0 0.846121 0.800007 0.152698 0.395858
0 0.767862 0.311922 0.0472529 0.0981557
0 0.0400569 0.364374 0.0642925 0.299695
0 0.589234 0.580684 0.0813312 0.421421
0 0.532092 0.627846 0.0729179 0.407309
2 0.516656 0.359315 0.141652 0.233441
2 0.968269 0.239441 0.0583046 0.0871553
2 0.91567 0.233766 0.0401127 0.0481923
2 0.874751 0.251736 0.054357 0.0701101
0 0.6794 0.745468 0.171057 0.492135
2 0.815813 0.278081 0.0834234 0.0957062
0 0.962792 0.757754 0.0735317 0.467579
2 0.262793 0.704631 0.522982 0.564421
2 0.297135 0.300399 0.186476 0.11177
0 0.505709 0.373235 0.0793349 0.224918
0 0.206521 0.39707 0.0863127 0.156958
0 0.846121 0.800007 0.152698 0.395858
0 0.767862 0.311922 0.0472529 0.0981557
0 0.0400569 0.364374 0.0642925 0.299695
0 0.589234 0.580684 0.0813312 0.421421
0 0.532092 0.627846 0.0729179 0.407309
2 0.516656 0.359315 0.141652 0.233441
2 0.968269 0.239441 0.0583046 0.0871553
2 0.91567 0.233766 0.0401127 0.0481923
