0 0.180299 0.407102 0.093461 0.247818
0 0.612399 0.889821 0.218145 0.217466
0 0.862977 0.796733 0.150901 0.399259
0 0.974377 0.757986 0.0504784 0.464102
0 0.796075 0.466729 0.0526989 0.3313
0 0.155762 0.593758 0.0939911 0.284372
2 0.646683 0.302335 0.181508 0.112477
0 0.0544834 0.349263 0.0497447 0.284889
2 0.949401 0.252439 0.0813065 0.11321
2 0.788946 0.271195 0.0935273 0.0909827
2 0.894801 0.223066 0.065852 0.090957
2 0.491166 0.267636 0.147978 0.0926886
0 0.180299 0.407102 0.093461 0.247818
0 0.612399 0.889821 0.218145 0.217466
0 0.862977 0.796733 0.150901 0.399259
0 0.974377 0.757986 0.0504784 0.464102
0 0.796075 0.466729 0.0526989 0.3313
0 0.155762 0.593758 0.0939911 0.284372
2 0.646683 0.302335 0.181508 0.112477
0 0.0544834 0.349263 0.0497447 0.284889
2 0.949401 0.252439 0.0813065 0.11321
2 0.788946 0.271195 0.0935273 0.0909827
2 0.894801 0.223066 0.065852 0.090957
2 0.491166 0.267636 0.147978 0.0926886
