2 0.597121 0.61835 0.776911 0.738193
2 0.240491 0.20678 0.203737 0.354415
0 0.759698 0.175263 0.060499 0.292078
0 0.704068 0.22632 0.0645102 0.338831
0 0.44332 0.148186 0.0442654 0.213707
0 0.600554 0.154906 0.0405897 0.244886
0 0.501851 0.0858911 0.0257765 0.171304
0 0.947617 0.146385 0.0652634 0.289662
2 0.597121 0.61835 0.776911 0.738193
2 0.240491 0.20678 0.203737 0.354415
0 0.759698 0.175263 0.060499 0.292078
0 0.704068 0.22632 0.0645102 0.338831
0 0.44332 0.148186 0.0442654 0.213707
0 0.600554 0.154906 0.0405897 0.244886
0 0.501851 0.0858911 0.0257765 0.171304
0 0.947617 0.146385 0.0652634 0.289662
