2 0.488029 0.676112 0.477023 0.624819
0 0.134596 0.745631 0.0828499 0.238188
2 0.201983 0.403206 0.0998793 0.183196
5 0.445433 0.320498 0.284904 0.322214
0 0.0985553 0.655339 0.0637426 0.298262
2 0.250956 0.33093 0.0921293 0.141615
0 0.144572 0.908021 0.170057 0.183958
2 0.14157 0.353123 0.0634602 0.102776
0 0.598061 0.3952 0.0331756 0.148448
0 0.876821 0.453607 0.0538464 0.240045
2 0.488029 0.676112 0.477023 0.624819
0 0.134596 0.745631 0.0828499 0.238188
2 0.201983 0.403206 0.0998793 0.183196
5 0.445433 0.320498 0.284904 0.322214
0 0.0985553 0.655339 0.0637426 0.298262
2 0.250956 0.33093 0.0921293 0.141615
0 0.144572 0.908021 0.170057 0.183958
2 0.14157 0.353123 0.0634602 0.102776
0 0.598061 0.3952 0.0331756 0.148448
0 0.876821 0.453607 0.0538464 0.240045
