3 0.858435 0.607465 0.282944 0.372103
0 0.829943 0.540356 0.125355 0.482251
0 0.0605613 0.559722 0.120776 0.510886
0 0.623517 0.327564 0.0425922 0.256751
0 0.575625 0.368814 0.0454428 0.283049
0 0.980699 0.356833 0.0379997 0.301043
0 0.492344 0.32441 0.0336058 0.213294
0 0.666637 0.716833 0.209169 0.504281
0 0.796022 0.29779 0.0535675 0.23077
0 0.743998 0.324313 0.0562824 0.195596
2 0.201789 0.264563 0.145794 0.167985
0 0.846464 0.327795 0.0380028 0.217342
0 0.467398 0.305715 0.0293932 0.173752
