2 0.577361 0.36929 0.480805 0.346744
2 0.197711 0.317011 0.374298 0.264951
2 0.600381 0.668796 0.796996 0.640413
2 0.0712032 0.597166 0.140957 0.435329
2 0.436542 0.174639 0.136466 0.130348
2 0.905191 0.399238 0.188458 0.283337
2 0.817518 0.253329 0.35079 0.20679
2 0.0468513 0.163293 0.0934002 0.118296
2 0.31221 0.120519 0.107595 0.0884352
0 0.967585 0.135424 0.026918 0.116125
2 0.567534 0.150649 0.149106 0.0966383
2 0.172042 0.154716 0.167126 0.0621399
0 0.947956 0.120766 0.0291893 0.121053
0 0.897777 0.154784 0.0553226 0.107224
2 0.397624 0.109241 0.104615 0.0820933
2 0.25536 0.127866 0.106405 0.0954712
