2 0.348543 0.713188 0.484532 0.359282
2 0.61483 0.625727 0.298882 0.240425
2 0.907279 0.591455 0.185218 0.192934
0 0.816587 0.521787 0.0356701 0.170992
2 0.979282 0.675233 0.0406206 0.163376
0 0.157828 0.574202 0.0491738 0.248342
0 0.118025 0.579881 0.0528498 0.27913
0 0.0525919 0.565953 0.0513806 0.262431
0 0.375385 0.495347 0.0564912 0.0939843
9 0.713105 0.266503 0.048587 0.168715
0 0.0255309 0.747607 0.0508168 0.452059
0 0.78525 0.537108 0.0324347 0.162864
0 0.326286 0.484355 0.0436087 0.121409
0 0.293234 0.530993 0.0379181 0.0840171
2 0.348543 0.713188 0.484532 0.359282
2 0.61483 0.625727 0.298882 0.240425
2 0.907279 0.591455 0.185218 0.192934
0 0.816587 0.521787 0.0356701 0.170992
2 0.979282 0.675233 0.0406206 0.163376
0 0.157828 0.574202 0.0491738 0.248342
0 0.118025 0.579881 0.0528498 0.27913
0 0.0525919 0.565953 0.0513806 0.262431
0 0.375385 0.495347 0.0564912 0.0939843
9 0.713105 0.266503 0.048587 0.168715
0 0.0255309 0.747607 0.0508168 0.452059
0 0.78525 0.537108 0.0324347 0.162864
0 0.326286 0.484355 0.0436087 0.121409
0 0.293234 0.530993 0.0379181 0.0840171
