0 0.436162 0.697827 0.224612 0.590725
0 0.784008 0.762926 0.25164 0.462639
0 0.688272 0.728312 0.14919 0.524975
0 0.51088 0.473578 0.0977375 0.412312
2 0.783269 0.238438 0.085975 0.12101
0 0.93905 0.653173 0.12109 0.659125
0 0.53594 0.854659 0.16447 0.286073
0 0.685384 0.518711 0.179961 0.41124
0 0.84372 0.398877 0.079166 0.297327
0 0.787354 0.44456 0.0876442 0.279217
0 0.436162 0.697827 0.224612 0.590725
0 0.784008 0.762926 0.25164 0.462639
0 0.688272 0.728312 0.14919 0.524975
0 0.51088 0.473578 0.0977375 0.412312
2 0.783269 0.238438 0.085975 0.12101
0 0.93905 0.653173 0.12109 0.659125
0 0.53594 0.854659 0.16447 0.286073
0 0.685384 0.518711 0.179961 0.41124
0 0.84372 0.398877 0.079166 0.297327
0 0.787354 0.44456 0.0876442 0.279217
