0 0.103498 0.69566 0.178939 0.604246
0 0.746583 0.788029 0.193988 0.417796
2 0.114781 0.509407 0.229074 0.340069
0 0.640934 0.885083 0.207832 0.222301
2 0.656406 0.315289 0.145443 0.15579
2 0.501085 0.399365 0.155227 0.259938
0 0.867243 0.794655 0.156235 0.40478
0 0.570051 0.418669 0.0439343 0.218152
0 0.047256 0.279411 0.0512835 0.153079
0 0.53112 0.518126 0.160953 0.230394
0 0.180497 0.320859 0.0401225 0.132829
2 0.72045 0.451559 0.182123 0.357441
0 0.972825 0.753893 0.0535149 0.473846
2 0.627927 0.244723 0.0764954 0.0643367
0 0.147069 0.282831 0.0283565 0.128047
1 0.417002 0.757201 0.456047 0.453215
2 0.955507 0.254656 0.086775 0.12162
0 0.490129 0.409913 0.0743731 0.219265
0 0.956309 0.457659 0.0863537 0.213325
0 0.103498 0.69566 0.178939 0.604246
0 0.746583 0.788029 0.193988 0.417796
2 0.114781 0.509407 0.229074 0.340069
0 0.640934 0.885083 0.207832 0.222301
2 0.656406 0.315289 0.145443 0.15579
2 0.501085 0.399365 0.155227 0.259938
0 0.867243 0.794655 0.156235 0.40478
0 0.570051 0.418669 0.0439343 0.218152
0 0.047256 0.279411 0.0512835 0.153079
0 0.53112 0.518126 0.160953 0.230394
0 0.180497 0.320859 0.0401225 0.132829
2 0.72045 0.451559 0.182123 0.357441
0 0.972825 0.753893 0.0535149 0.473846
2 0.627927 0.244723 0.0764954 0.0643367
0 0.147069 0.282831 0.0283565 0.128047
1 0.417002 0.757201 0.456047 0.453215
2 0.955507 0.254656 0.086775 0.12162
0 0.490129 0.409913 0.0743731 0.219265
0 0.956309 0.457659 0.0863537 0.213325
