0 0.839154 0.700875 0.286863 0.585181
0 0.655788 0.604064 0.134501 0.717288
5 0.649813 0.206142 0.237263 0.304258
0 0.121798 0.621197 0.243222 0.73167
2 0.175087 0.448631 0.350173 0.530289
0 0.755746 0.482189 0.0853085 0.453324
0 0.875986 0.447029 0.0713352 0.320829
0 0.586266 0.484336 0.0654552 0.46268
0 0.909394 0.457808 0.0779236 0.408395
0 0.446041 0.264915 0.0392607 0.0973979
0 0.97448 0.411379 0.0505501 0.3369
0 0.839154 0.700875 0.286863 0.585181
0 0.655788 0.604064 0.134501 0.717288
5 0.649813 0.206142 0.237263 0.304258
0 0.121798 0.621197 0.243222 0.73167
2 0.175087 0.448631 0.350173 0.530289
0 0.755746 0.482189 0.0853085 0.453324
0 0.875986 0.447029 0.0713352 0.320829
0 0.586266 0.484336 0.0654552 0.46268
0 0.909394 0.457808 0.0779236 0.408395
0 0.446041 0.264915 0.0392607 0.0973979
0 0.97448 0.411379 0.0505501 0.3369
