1 0.670077 0.625642 0.398157 0.456897
0 0.685705 0.436953 0.174504 0.674596
0 0.249748 0.531006 0.227961 0.715428
0 0.963013 0.314726 0.0727665 0.430238
0 0.418727 0.45333 0.163077 0.588606
0 0.891002 0.324087 0.109836 0.419308
2 0.510373 0.363199 0.210389 0.462177
0 0.353882 0.265779 0.0550708 0.264137
2 0.112875 0.438128 0.224166 0.544623
1 0.406644 0.720657 0.122938 0.535868
1 0.670077 0.625642 0.398157 0.456897
0 0.685705 0.436953 0.174504 0.674596
0 0.249748 0.531006 0.227961 0.715428
0 0.963013 0.314726 0.0727665 0.430238
0 0.418727 0.45333 0.163077 0.588606
0 0.891002 0.324087 0.109836 0.419308
2 0.510373 0.363199 0.210389 0.462177
0 0.353882 0.265779 0.0550708 0.264137
2 0.112875 0.438128 0.224166 0.544623
1 0.406644 0.720657 0.122938 0.535868
