5 0.112207 0.332507 0.223093 0.656257
2 0.422596 0.443843 0.305373 0.22346
0 0.243779 0.713956 0.122608 0.494631
0 0.891361 0.79764 0.171115 0.403295
7 0.826899 0.37531 0.0780701 0.16264
1 0.604159 0.699818 0.0846172 0.30331
0 0.978102 0.78486 0.0432911 0.420111
2 0.757981 0.428943 0.0680891 0.135545
0 0.797552 0.794752 0.100989 0.404149
7 0.893726 0.377559 0.0714243 0.12955
0 0.101891 0.22379 0.055191 0.0972196
0 0.69544 0.876293 0.129752 0.240784
1 0.296814 0.721072 0.395229 0.540638
0 0.877356 0.515884 0.0522385 0.17445
3 0.0460838 0.712694 0.0915808 0.553047
0 0.760316 0.694377 0.0875655 0.352393
7 0.968795 0.417871 0.0624109 0.106557
0 0.948053 0.65342 0.0884085 0.291016
0 0.825311 0.502643 0.0593632 0.20954
0 0.617702 0.525955 0.0621479 0.163363
0 0.361383 0.465325 0.0495751 0.137996
0 0.92016 0.443925 0.0345932 0.140511
