2 0.607408 0.338262 0.171675 0.188266
0 0.21146 0.826843 0.189937 0.340298
5 0.178774 0.660453 0.35572 0.654597
2 0.240196 0.273125 0.217104 0.102229
2 0.277629 0.461682 0.289981 0.328142
5 0.0772142 0.192971 0.15305 0.282963
2 0.688698 0.251125 0.047303 0.0887717
0 0.477415 0.739734 0.163022 0.516213
7 0.809276 0.314303 0.208295 0.353598
0 0.97305 0.306052 0.0266573 0.138793
2 0.607408 0.338262 0.171675 0.188266
0 0.21146 0.826843 0.189937 0.340298
5 0.178774 0.660453 0.35572 0.654597
2 0.240196 0.273125 0.217104 0.102229
2 0.277629 0.461682 0.289981 0.328142
5 0.0772142 0.192971 0.15305 0.282963
2 0.688698 0.251125 0.047303 0.0887717
0 0.477415 0.739734 0.163022 0.516213
7 0.809276 0.314303 0.208295 0.353598
0 0.97305 0.306052 0.0266573 0.138793
