0 0.948336 0.649435 0.102818 0.503212
0 0.30462 0.422482 0.0582378 0.292582
0 0.587156 0.56113 0.128433 0.426914
5 0.267118 0.180458 0.134806 0.231375
1 0.102745 0.37806 0.0393301 0.150605
0 0.640639 0.465508 0.0734777 0.28311
0 0.101858 0.323071 0.0470849 0.199423
0 0.0193089 0.314533 0.0384999 0.174059
1 0.261045 0.413357 0.0381834 0.106511
0 0.199635 0.247608 0.0184025 0.104581
0 0.57771 0.318756 0.0570253 0.11983
2 0.096547 0.240219 0.0631876 0.0937574
0 0.713057 0.66375 0.112614 0.489085
0 0.0405736 0.274896 0.0326236 0.133644
