2 0.81351 0.586443 0.362667 0.298837
2 0.585246 0.513818 0.186151 0.182169
2 0.050738 0.637036 0.100857 0.265387
0 0.190267 0.482192 0.0524104 0.266744
0 0.130228 0.558223 0.0762448 0.326751
0 0.35001 0.518232 0.0552159 0.307987
0 0.793083 0.403488 0.0315828 0.0811335
0 0.302339 0.4812 0.0443637 0.279037
9 0.684884 0.191104 0.05606 0.169372
0 0.0327939 0.447584 0.0459643 0.179695
0 0.0710199 0.461438 0.0450527 0.20524
0 0.870895 0.426647 0.0294434 0.0697015
0 0.25235 0.402643 0.0510239 0.149612
7 0.056721 0.39295 0.112504 0.165552
2 0.81351 0.586443 0.362667 0.298837
2 0.585246 0.513818 0.186151 0.182169
2 0.050738 0.637036 0.100857 0.265387
0 0.190267 0.482192 0.0524104 0.266744
0 0.130228 0.558223 0.0762448 0.326751
0 0.35001 0.518232 0.0552159 0.307987
0 0.793083 0.403488 0.0315828 0.0811335
0 0.302339 0.4812 0.0443637 0.279037
9 0.684884 0.191104 0.05606 0.169372
0 0.0327939 0.447584 0.0459643 0.179695
0 0.0710199 0.461438 0.0450527 0.20524
0 0.870895 0.426647 0.0294434 0.0697015
0 0.25235 0.402643 0.0510239 0.149612
7 0.056721 0.39295 0.112504 0.165552
