5 0.775264 0.47717 0.446644 0.72521
0 0.205139 0.686469 0.162156 0.618602
2 0.0450638 0.513539 0.0897621 0.242158
2 0.26717 0.433026 0.0740626 0.114098
0 0.725167 0.772762 0.0888313 0.448353
5 0.395853 0.375395 0.167738 0.207764
0 0.908663 0.830006 0.182674 0.3297
0 0.54797 0.6747 0.0776673 0.272509
0 0.570399 0.844217 0.159496 0.309187
0 0.379866 0.827909 0.118062 0.3369
0 0.510944 0.447599 0.0308122 0.161953
0 0.462764 0.490833 0.0462568 0.214694
2 0.103166 0.421207 0.0543534 0.109201
0 0.424356 0.475872 0.0382405 0.180928
0 0.582048 0.574525 0.0632829 0.216704
1 0.463819 0.580627 0.0430435 0.181979
1 0.441038 0.576659 0.0884916 0.190729
