2 0.537991 0.733858 0.480153 0.511407
5 0.843707 0.514802 0.309842 0.929195
2 0.470496 0.387354 0.245528 0.2845
2 0.266057 0.401042 0.10783 0.223813
2 0.0341712 0.416225 0.0679145 0.18923
5 0.325162 0.259126 0.135483 0.18347
2 0.0405936 0.318845 0.0811872 0.105439
0 0.219996 0.866081 0.176526 0.26263
0 0.169212 0.58494 0.0801151 0.253424
0 0.672875 0.328918 0.0248981 0.161256
0 0.882771 0.380255 0.0502571 0.137228
0 0.175009 0.677609 0.0833497 0.158007
2 0.227784 0.312603 0.0882646 0.136398
0 0.529148 0.658117 0.0890841 0.154963
0 0.653905 0.322778 0.0247412 0.144831
