1 0.501784 0.554243 0.319599 0.337828
0 0.753794 0.540428 0.124911 0.598653
1 0.109834 0.694965 0.218768 0.416326
1 0.950542 0.346507 0.0785404 0.172903
0 0.234074 0.352678 0.0441944 0.206892
0 0.511613 0.414333 0.0913954 0.289758
0 0.0747402 0.349285 0.0543763 0.251633
0 0.600795 0.423964 0.0694494 0.358536
0 0.81894 0.391941 0.0955429 0.408423
0 0.955039 0.28938 0.0598301 0.224256
2 0.939391 0.243509 0.120388 0.134679
1 0.116063 0.578031 0.12509 0.206217
0 0.674821 0.299129 0.0386083 0.252198
0 0.64643 0.374365 0.0406504 0.287784
0 0.19703 0.32285 0.0368659 0.185866
0 0.845572 0.349585 0.0425247 0.328665
