2 0.843523 0.549162 0.312263 0.39091
7 0.5959 0.666192 0.457134 0.650797
5 0.28157 0.306238 0.221692 0.368452
2 0.325293 0.492931 0.198057 0.373833
2 0.531565 0.325157 0.148766 0.0636843
0 0.062585 0.365515 0.0462089 0.26745
0 0.949363 0.368093 0.0458235 0.163837
0 0.613975 0.298761 0.0235112 0.111313
0 0.842305 0.326751 0.0403074 0.0907352
0 0.987417 0.366245 0.0246918 0.170411
0 0.710136 0.315084 0.0256496 0.106905
0 0.68258 0.321609 0.0291859 0.11122
2 0.843523 0.549162 0.312263 0.39091
7 0.5959 0.666192 0.457134 0.650797
5 0.28157 0.306238 0.221692 0.368452
2 0.325293 0.492931 0.198057 0.373833
2 0.531565 0.325157 0.148766 0.0636843
0 0.062585 0.365515 0.0462089 0.26745
0 0.949363 0.368093 0.0458235 0.163837
0 0.613975 0.298761 0.0235112 0.111313
0 0.842305 0.326751 0.0403074 0.0907352
0 0.987417 0.366245 0.0246918 0.170411
0 0.710136 0.315084 0.0256496 0.106905
0 0.68258 0.321609 0.0291859 0.11122
