0 0.730643 0.7518 0.189846 0.488467
2 0.0816871 0.493183 0.162976 0.313337
1 0.467569 0.704687 0.200786 0.265264
1 0.936194 0.931984 0.126398 0.133802
0 0.426688 0.554645 0.0981067 0.361146
9 0.206499 0.164125 0.0321974 0.154795
7 0.258657 0.504111 0.322797 0.457034
0 0.644416 0.492401 0.0556385 0.226265
0 0.904353 0.542525 0.0559593 0.25868
1 0.965964 0.758986 0.0670158 0.218104
0 0.960939 0.561821 0.0708324 0.278431
9 0.242933 0.1551 0.0263293 0.192814
0 0.730643 0.7518 0.189846 0.488467
2 0.0816871 0.493183 0.162976 0.313337
1 0.467569 0.704687 0.200786 0.265264
1 0.936194 0.931984 0.126398 0.133802
0 0.426688 0.554645 0.0981067 0.361146
9 0.206499 0.164125 0.0321974 0.154795
7 0.258657 0.504111 0.322797 0.457034
0 0.644416 0.492401 0.0556385 0.226265
0 0.904353 0.542525 0.0559593 0.25868
1 0.965964 0.758986 0.0670158 0.218104
0 0.960939 0.561821 0.0708324 0.278431
9 0.242933 0.1551 0.0263293 0.192814
