0 0.262706 0.855214 0.140014 0.285834
2 0.736362 0.291982 0.0508315 0.084921
0 0.336285 0.448849 0.0827561 0.219411
2 0.498976 0.418884 0.137242 0.251385
0 0.80935 0.461655 0.0559559 0.26372
0 0.218861 0.608796 0.140694 0.487917
1 0.753366 0.62699 0.0827196 0.277834
7 0.815633 0.299391 0.126485 0.202663
2 0.153619 0.546598 0.305602 0.57781
0 0.0437303 0.855521 0.0867512 0.275761
2 0.587383 0.4805 0.204428 0.339822
0 0.935118 0.340764 0.0264261 0.133251
3 0.516241 0.647958 0.0436009 0.122683
0 0.409937 0.448894 0.0678259 0.165666
0 0.759723 0.480251 0.0750921 0.268004
2 0.703938 0.331833 0.0408804 0.11138
