0 0.970546 0.269982 0.0584297 0.302456
0 0.654552 0.207302 0.0443016 0.200668
2 0.158624 0.26748 0.221103 0.321485
0 0.879997 0.250508 0.0582344 0.283536
0 0.458982 0.220019 0.042367 0.115837
0 0.726709 0.234868 0.0471662 0.190151
0 0.563457 0.201474 0.0387736 0.165359
0 0.882608 0.754536 0.233488 0.433829
0 0.271213 0.231608 0.0362813 0.16187
0 0.603247 0.213228 0.0372803 0.157568
3 0.901333 0.451372 0.152929 0.176048
0 0.520664 0.202594 0.0395292 0.150982
0 0.783956 0.232526 0.046384 0.192717
