0 0.71938 0.511163 0.0855728 0.51438
0 0.0830141 0.53633 0.0866604 0.354789
0 0.830208 0.440089 0.13529 0.361706
1 0.367363 0.598086 0.324692 0.367383
0 0.967039 0.344453 0.0650635 0.394173
0 0.585146 0.489572 0.0583444 0.434437
0 0.632175 0.383746 0.0471526 0.250535
0 0.461835 0.447911 0.0714916 0.350464
0 0.372574 0.458491 0.0932344 0.284504
5 0.946556 0.147459 0.106285 0.170463
1 0.949639 0.486107 0.0997925 0.276315
7 0.828944 0.248444 0.213848 0.214755
0 0.669696 0.348144 0.0397194 0.24079
1 0.949406 0.44249 0.100584 0.192763
0 0.534067 0.326866 0.0350494 0.239535
0 0.0716549 0.363477 0.0537278 0.126301
0 0.71938 0.511163 0.0855728 0.51438
0 0.0830141 0.53633 0.0866604 0.354789
0 0.830208 0.440089 0.13529 0.361706
1 0.367363 0.598086 0.324692 0.367383
0 0.967039 0.344453 0.0650635 0.394173
0 0.585146 0.489572 0.0583444 0.434437
0 0.632175 0.383746 0.0471526 0.250535
0 0.461835 0.447911 0.0714916 0.350464
0 0.372574 0.458491 0.0932344 0.284504
5 0.946556 0.147459 0.106285 0.170463
1 0.949639 0.486107 0.0997925 0.276315
7 0.828944 0.248444 0.213848 0.214755
0 0.669696 0.348144 0.0397194 0.24079
1 0.949406 0.44249 0.100584 0.192763
0 0.534067 0.326866 0.0350494 0.239535
0 0.0716549 0.363477 0.0537278 0.126301
