0 0.567765 0.92256 0.101051 0.153116
2 0.0780958 0.721284 0.154298 0.135909
0 0.66156 0.845033 0.0777819 0.223316
0 0.92313 0.885924 0.112677 0.223769
2 0.0947541 0.657877 0.129851 0.0890918
1 0.795309 0.785899 0.0428427 0.136957
0 0.804747 0.702545 0.0589509 0.181213
0 0.971377 0.906071 0.0567175 0.183911
5 0.496931 0.716613 0.640157 0.539647
9 0.648677 0.432186 0.0197799 0.0847744
0 0.850859 0.944151 0.0544445 0.110223
0 0.652476 0.952331 0.0602576 0.0929079
0 0.495757 0.376889 0.076526 0.17242
2 0.179534 0.722006 0.0648863 0.204393
0 0.567765 0.92256 0.101051 0.153116
2 0.0780958 0.721284 0.154298 0.135909
0 0.66156 0.845033 0.0777819 0.223316
0 0.92313 0.885924 0.112677 0.223769
2 0.0947541 0.657877 0.129851 0.0890918
1 0.795309 0.785899 0.0428427 0.136957
0 0.804747 0.702545 0.0589509 0.181213
0 0.971377 0.906071 0.0567175 0.183911
5 0.496931 0.716613 0.640157 0.539647
9 0.648677 0.432186 0.0197799 0.0847744
0 0.850859 0.944151 0.0544445 0.110223
0 0.652476 0.952331 0.0602576 0.0929079
0 0.495757 0.376889 0.076526 0.17242
2 0.179534 0.722006 0.0648863 0.204393
