2 0.806904 0.598137 0.384703 0.368103
2 0.189319 0.469474 0.172365 0.245602
2 0.344877 0.423275 0.147298 0.167428
2 0.515512 0.695847 0.481935 0.583257
2 0.124938 0.366258 0.079178 0.125062
0 0.850161 0.390996 0.033584 0.110235
0 0.813967 0.376217 0.0327412 0.104596
2 0.248308 0.378356 0.0900821 0.122998
0 0.9297 0.406082 0.0327137 0.126963
2 0.543205 0.408055 0.136168 0.166311
56 0.972814 0.469836 0.0463114 0.100828
2 0.186536 0.323255 0.0543202 0.0602491
0 0.659143 0.398269 0.0262398 0.129813
0 0.645142 0.365018 0.0243999 0.119822
0 0.757882 0.381532 0.0338005 0.0876024
2 0.806904 0.598137 0.384703 0.368103
2 0.189319 0.469474 0.172365 0.245602
2 0.344877 0.423275 0.147298 0.167428
2 0.515512 0.695847 0.481935 0.583257
2 0.124938 0.366258 0.079178 0.125062
0 0.850161 0.390996 0.033584 0.110235
0 0.813967 0.376217 0.0327412 0.104596
2 0.248308 0.378356 0.0900821 0.122998
0 0.9297 0.406082 0.0327137 0.126963
2 0.543205 0.408055 0.136168 0.166311
56 0.972814 0.469836 0.0463114 0.100828
2 0.186536 0.323255 0.0543202 0.0602491
0 0.659143 0.398269 0.0262398 0.129813
0 0.645142 0.365018 0.0243999 0.119822
0 0.757882 0.381532 0.0338005 0.0876024
