2 0.612517 0.690861 0.774567 0.58929
2 0.925777 0.538239 0.148149 0.272189
2 0.274297 0.391055 0.20128 0.227899
0 0.167859 0.503331 0.0863996 0.265128
2 0.131589 0.363802 0.105086 0.127352
0 0.381379 0.330101 0.0302479 0.128346
0 0.728549 0.34083 0.0297749 0.126673
2 0.823361 0.320697 0.101317 0.0942578
0 0.350459 0.312529 0.0231668 0.115497
2 0.084487 0.327349 0.0610447 0.117437
2 0.680491 0.325853 0.0784588 0.0918709
2 0.751826 0.321139 0.104574 0.10104
0 0.878285 0.320852 0.017823 0.112008
2 0.612517 0.690861 0.774567 0.58929
2 0.925777 0.538239 0.148149 0.272189
2 0.274297 0.391055 0.20128 0.227899
0 0.167859 0.503331 0.0863996 0.265128
2 0.131589 0.363802 0.105086 0.127352
0 0.381379 0.330101 0.0302479 0.128346
0 0.728549 0.34083 0.0297749 0.126673
2 0.823361 0.320697 0.101317 0.0942578
0 0.350459 0.312529 0.0231668 0.115497
2 0.084487 0.327349 0.0610447 0.117437
2 0.680491 0.325853 0.0784588 0.0918709
2 0.751826 0.321139 0.104574 0.10104
0 0.878285 0.320852 0.017823 0.112008
