5 0.318878 0.517013 0.274294 0.337064
2 0.156182 0.842972 0.310479 0.303653
0 0.498017 0.786157 0.153138 0.427686
2 0.153319 0.747618 0.299104 0.216041
0 0.564978 0.776056 0.106021 0.441731
0 0.39185 0.849675 0.0735294 0.187961
0 0.969744 0.935223 0.0599041 0.124255
0 0.971605 0.613086 0.0411781 0.162717
0 0.0353278 0.622592 0.0456065 0.110624
0 0.404661 0.957287 0.129571 0.085426
0 0.80543 0.614851 0.033815 0.168767
25 0.832968 0.456855 0.064061 0.0470412
5 0.318878 0.517013 0.274294 0.337064
2 0.156182 0.842972 0.310479 0.303653
0 0.498017 0.786157 0.153138 0.427686
2 0.153319 0.747618 0.299104 0.216041
0 0.564978 0.776056 0.106021 0.441731
0 0.39185 0.849675 0.0735294 0.187961
0 0.969744 0.935223 0.0599041 0.124255
0 0.971605 0.613086 0.0411781 0.162717
0 0.0353278 0.622592 0.0456065 0.110624
0 0.404661 0.957287 0.129571 0.085426
0 0.80543 0.614851 0.033815 0.168767
25 0.832968 0.456855 0.064061 0.0470412
