2 0.864734 0.6162 0.269431 0.433466
2 0.851405 0.423772 0.294877 0.198198
2 0.614097 0.789733 0.769044 0.401442
0 0.233762 0.491866 0.101715 0.413176
2 0.291413 0.38842 0.117245 0.255334
2 0.581164 0.361574 0.135707 0.237362
0 0.0992746 0.331744 0.0501513 0.262259
2 0.435691 0.449464 0.239791 0.361048
0 0.0698266 0.420976 0.0561164 0.409954
2 0.476352 0.275783 0.0868095 0.0753793
0 0.94106 0.286347 0.0299706 0.0934431
0 0.727778 0.30517 0.0519147 0.181832
5 0.264174 0.217766 0.130023 0.161527
2 0.864734 0.6162 0.269431 0.433466
2 0.851405 0.423772 0.294877 0.198198
2 0.614097 0.789733 0.769044 0.401442
0 0.233762 0.491866 0.101715 0.413176
2 0.291413 0.38842 0.117245 0.255334
2 0.581164 0.361574 0.135707 0.237362
0 0.0992746 0.331744 0.0501513 0.262259
2 0.435691 0.449464 0.239791 0.361048
0 0.0698266 0.420976 0.0561164 0.409954
2 0.476352 0.275783 0.0868095 0.0753793
0 0.94106 0.286347 0.0299706 0.0934431
0 0.727778 0.30517 0.0519147 0.181832
5 0.264174 0.217766 0.130023 0.161527
