2 0.901469 0.451831 0.196736 0.190492
5 0.725514 0.310826 0.175327 0.193805
0 0.733736 0.614091 0.08999 0.380558
0 0.829648 0.72776 0.102063 0.500193
0 0.264162 0.481568 0.056025 0.131716
2 0.836837 0.344704 0.0596382 0.0946511
2 0.97327 0.330831 0.0528427 0.112769
0 0.723104 0.395052 0.0362778 0.0862807
0 0.77729 0.514752 0.0557821 0.260374
0 0.154583 0.510529 0.0748063 0.122723
0 0.322049 0.462543 0.0630696 0.151433
2 0.907375 0.340999 0.142249 0.0798704
0 0.0545177 0.528831 0.104158 0.168583
2 0.66646 0.404012 0.0826446 0.105981
0 0.691954 0.556532 0.0416952 0.313977
0 0.753924 0.391952 0.0333487 0.114096
0 0.653528 0.527384 0.0419783 0.244464
0 0.990214 0.717262 0.0190479 0.268899
2 0.901469 0.451831 0.196736 0.190492
5 0.725514 0.310826 0.175327 0.193805
0 0.733736 0.614091 0.08999 0.380558
0 0.829648 0.72776 0.102063 0.500193
0 0.264162 0.481568 0.056025 0.131716
2 0.836837 0.344704 0.0596382 0.0946511
2 0.97327 0.330831 0.0528427 0.112769
0 0.723104 0.395052 0.0362778 0.0862807
0 0.77729 0.514752 0.0557821 0.260374
0 0.154583 0.510529 0.0748063 0.122723
0 0.322049 0.462543 0.0630696 0.151433
2 0.907375 0.340999 0.142249 0.0798704
0 0.0545177 0.528831 0.104158 0.168583
2 0.66646 0.404012 0.0826446 0.105981
0 0.691954 0.556532 0.0416952 0.313977
0 0.753924 0.391952 0.0333487 0.114096
0 0.653528 0.527384 0.0419783 0.244464
0 0.990214 0.717262 0.0190479 0.268899
