0 0.430253 0.674889 0.228153 0.636425
0 0.131364 0.520903 0.197789 0.631847
0 0.921935 0.58212 0.15574 0.819988
0 0.317619 0.581684 0.15222 0.725744
7 0.53781 0.342594 0.574876 0.60199
0 0.0506808 0.598802 0.100288 0.646164
0 0.485568 0.384924 0.133141 0.525666
0 0.672738 0.648991 0.255194 0.681684
0 0.430253 0.674889 0.228153 0.636425
0 0.131364 0.520903 0.197789 0.631847
0 0.921935 0.58212 0.15574 0.819988
0 0.317619 0.581684 0.15222 0.725744
7 0.53781 0.342594 0.574876 0.60199
0 0.0506808 0.598802 0.100288 0.646164
0 0.485568 0.384924 0.133141 0.525666
0 0.672738 0.648991 0.255194 0.681684
