2 0.111465 0.537727 0.222929 0.211596
2 0.485856 0.522115 0.13842 0.1854
5 0.532864 0.343998 0.225767 0.246472
0 0.300687 0.915415 0.0595708 0.169171
2 0.366073 0.376471 0.135472 0.192165
0 0.254821 0.906538 0.0550841 0.184467
0 0.0346963 0.77222 0.066945 0.209937
2 0.388216 0.648903 0.0978788 0.184549
5 0.175484 0.224442 0.0968634 0.132335
0 0.103943 0.864726 0.0728818 0.218823
5 0.486433 0.212535 0.126891 0.128292
2 0.35042 0.289406 0.0976286 0.0980746
0 0.214944 0.948703 0.0563265 0.102593
0 0.190266 0.899197 0.073315 0.188085
2 0.0156147 0.243961 0.0309117 0.0964681
1 0.371924 0.768588 0.094687 0.187427
0 0.892589 0.510104 0.0294115 0.137779
2 0.111465 0.537727 0.222929 0.211596
2 0.485856 0.522115 0.13842 0.1854
5 0.532864 0.343998 0.225767 0.246472
0 0.300687 0.915415 0.0595708 0.169171
2 0.366073 0.376471 0.135472 0.192165
0 0.254821 0.906538 0.0550841 0.184467
0 0.0346963 0.77222 0.066945 0.209937
2 0.388216 0.648903 0.0978788 0.184549
5 0.175484 0.224442 0.0968634 0.132335
0 0.103943 0.864726 0.0728818 0.218823
5 0.486433 0.212535 0.126891 0.128292
2 0.35042 0.289406 0.0976286 0.0980746
0 0.214944 0.948703 0.0563265 0.102593
0 0.190266 0.899197 0.073315 0.188085
2 0.0156147 0.243961 0.0309117 0.0964681
1 0.371924 0.768588 0.094687 0.187427
0 0.892589 0.510104 0.0294115 0.137779
