5 0.407829 0.468387 0.408078 0.43731
5 0.877054 0.205962 0.126072 0.183052
2 0.72536 0.29806 0.101629 0.131254
2 0.67399 0.261054 0.0942811 0.113488
0 0.126042 0.518147 0.0385016 0.228316
0 0.673864 0.58706 0.0414141 0.210113
5 0.427345 0.145035 0.177354 0.119932
0 0.0878693 0.536311 0.05067 0.170069
0 0.730731 0.533125 0.0399928 0.207152
0 0.215999 0.319247 0.0273787 0.140979
0 0.0738451 0.842166 0.0789117 0.272193
0 0.411537 0.920386 0.0664577 0.158558
2 0.829841 0.473352 0.158448 0.175457
0 0.397354 0.712923 0.0501728 0.219599
5 0.407829 0.468387 0.408078 0.43731
5 0.877054 0.205962 0.126072 0.183052
2 0.72536 0.29806 0.101629 0.131254
2 0.67399 0.261054 0.0942811 0.113488
0 0.126042 0.518147 0.0385016 0.228316
0 0.673864 0.58706 0.0414141 0.210113
5 0.427345 0.145035 0.177354 0.119932
0 0.0878693 0.536311 0.05067 0.170069
0 0.730731 0.533125 0.0399928 0.207152
0 0.215999 0.319247 0.0273787 0.140979
0 0.0738451 0.842166 0.0789117 0.272193
0 0.411537 0.920386 0.0664577 0.158558
2 0.829841 0.473352 0.158448 0.175457
0 0.397354 0.712923 0.0501728 0.219599
