2 0.635156 0.384823 0.141174 0.179946
2 0.271307 0.432392 0.199555 0.189455
5 0.049915 0.261083 0.0993598 0.215071
2 0.467754 0.328864 0.137871 0.161084
5 0.940897 0.144801 0.116859 0.179725
5 0.436704 0.162878 0.181293 0.173356
5 0.0874634 0.557441 0.174866 0.399848
0 0.028043 0.826624 0.0560631 0.299517
5 0.868713 0.194498 0.131191 0.192313
5 0.5601 0.119411 0.069648 0.105786
0 0.558463 0.621909 0.0503304 0.232313
1 0.455753 0.675487 0.0932954 0.173167
0 0.695582 0.505654 0.0354762 0.195105
0 0.404119 0.899607 0.0802931 0.200787
7 0.682288 0.266756 0.120941 0.195053
