0 0.70934 0.641285 0.134478 0.507519
2 0.340084 0.297617 0.17202 0.105416
0 0.855584 0.801594 0.151321 0.394456
0 0.635561 0.559775 0.0702323 0.426517
2 0.89321 0.246526 0.0588467 0.0651977
0 0.968521 0.761809 0.061842 0.46685
0 0.448771 0.362994 0.0715813 0.187431
0 0.587899 0.570718 0.0798882 0.420588
2 0.289209 0.700414 0.576082 0.578408
2 0.827771 0.273554 0.0822687 0.0907997
0 0.614752 0.881868 0.20902 0.231325
24 0.690565 0.608953 0.0986736 0.2506
2 0.965879 0.240917 0.0612038 0.0831157
0 0.2123 0.412509 0.0869879 0.133998
2 0.700327 0.314752 0.102885 0.137788
2 0.131317 0.422597 0.262007 0.259532
2 0.647093 0.275029 0.087863 0.0877505
0 0.759783 0.297586 0.0523823 0.100263
0 0.0395873 0.269279 0.0514521 0.0995872
9 0.0700646 0.111754 0.0266043 0.117901
2 0.547184 0.40424 0.106554 0.195022
0 0.70934 0.641285 0.134478 0.507519
2 0.340084 0.297617 0.17202 0.105416
0 0.855584 0.801594 0.151321 0.394456
0 0.635561 0.559775 0.0702323 0.426517
2 0.89321 0.246526 0.0588467 0.0651977
0 0.968521 0.761809 0.061842 0.46685
0 0.448771 0.362994 0.0715813 0.187431
0 0.587899 0.570718 0.0798882 0.420588
2 0.289209 0.700414 0.576082 0.578408
2 0.827771 0.273554 0.0822687 0.0907997
0 0.614752 0.881868 0.20902 0.231325
24 0.690565 0.608953 0.0986736 0.2506
2 0.965879 0.240917 0.0612038 0.0831157
0 0.2123 0.412509 0.0869879 0.133998
2 0.700327 0.314752 0.102885 0.137788
2 0.131317 0.422597 0.262007 0.259532
2 0.647093 0.275029 0.087863 0.0877505
0 0.759783 0.297586 0.0523823 0.100263
0 0.0395873 0.269279 0.0514521 0.0995872
9 0.0700646 0.111754 0.0266043 0.117901
2 0.547184 0.40424 0.106554 0.195022
