0 0.620622 0.486498 0.0649477 0.300067
0 0.746835 0.539964 0.185778 0.443183
0 0.676001 0.440264 0.0697441 0.254485
0 0.0266905 0.488488 0.0533811 0.264205
0 0.498131 0.428223 0.0425465 0.173523
2 0.602419 0.320623 0.0310256 0.0562833
3 0.919112 0.452748 0.11145 0.152459
2 0.839041 0.331769 0.0510536 0.0794328
0 0.191102 0.527959 0.0834836 0.33022
0 0.620622 0.486498 0.0649477 0.300067
0 0.746835 0.539964 0.185778 0.443183
0 0.676001 0.440264 0.0697441 0.254485
0 0.0266905 0.488488 0.0533811 0.264205
0 0.498131 0.428223 0.0425465 0.173523
2 0.602419 0.320623 0.0310256 0.0562833
3 0.919112 0.452748 0.11145 0.152459
2 0.839041 0.331769 0.0510536 0.0794328
0 0.191102 0.527959 0.0834836 0.33022
