2 0.39158 0.501538 0.273365 0.422949
5 0.47515 0.300025 0.291687 0.369059
2 0.0478154 0.288042 0.0741365 0.0923553
2 0.0138507 0.384383 0.0274311 0.153077
2 0.257651 0.33798 0.0824264 0.161898
0 0.160056 0.740042 0.0966218 0.277066
0 0.69442 0.314855 0.0380581 0.185266
0 0.166288 0.591556 0.081219 0.259142
0 0.836988 0.391083 0.0421158 0.232397
0 0.985203 0.387804 0.0290411 0.251083
0 0.78093 0.369976 0.0394835 0.206745
0 0.209433 0.872786 0.171468 0.250989
0 0.75265 0.348533 0.0352116 0.177226
1 0.691755 0.406667 0.0355129 0.130379
0 0.915186 0.370079 0.0455502 0.208296
0 0.80692 0.377693 0.0356873 0.211078
2 0.39158 0.501538 0.273365 0.422949
5 0.47515 0.300025 0.291687 0.369059
2 0.0478154 0.288042 0.0741365 0.0923553
2 0.0138507 0.384383 0.0274311 0.153077
2 0.257651 0.33798 0.0824264 0.161898
0 0.160056 0.740042 0.0966218 0.277066
0 0.69442 0.314855 0.0380581 0.185266
0 0.166288 0.591556 0.081219 0.259142
0 0.836988 0.391083 0.0421158 0.232397
0 0.985203 0.387804 0.0290411 0.251083
0 0.78093 0.369976 0.0394835 0.206745
0 0.209433 0.872786 0.171468 0.250989
0 0.75265 0.348533 0.0352116 0.177226
1 0.691755 0.406667 0.0355129 0.130379
0 0.915186 0.370079 0.0455502 0.208296
0 0.80692 0.377693 0.0356873 0.211078
