5 0.474654 0.462845 0.221262 0.277032
0 0.537399 0.675721 0.0680977 0.332668
0 0.941883 0.657788 0.0580067 0.330905
0 0.70367 0.570786 0.0379146 0.210898
2 0.0407869 0.608765 0.0812399 0.26669
0 0.669429 0.538053 0.0338684 0.174647
0 0.76972 0.566016 0.0369667 0.219801
0 0.0183402 0.785721 0.0364778 0.158672
7 0.302336 0.461169 0.148693 0.269011
0 0.738087 0.564691 0.0346779 0.229294
5 0.737291 0.434281 0.16288 0.143705
0 0.200885 0.552359 0.0312677 0.170283
0 0.906393 0.575667 0.0412924 0.246735
0 0.641814 0.53135 0.0259026 0.171383
0 0.17943 0.538773 0.0319242 0.175919
5 0.474654 0.462845 0.221262 0.277032
0 0.537399 0.675721 0.0680977 0.332668
0 0.941883 0.657788 0.0580067 0.330905
0 0.70367 0.570786 0.0379146 0.210898
2 0.0407869 0.608765 0.0812399 0.26669
0 0.669429 0.538053 0.0338684 0.174647
0 0.76972 0.566016 0.0369667 0.219801
0 0.0183402 0.785721 0.0364778 0.158672
7 0.302336 0.461169 0.148693 0.269011
0 0.738087 0.564691 0.0346779 0.229294
5 0.737291 0.434281 0.16288 0.143705
0 0.200885 0.552359 0.0312677 0.170283
0 0.906393 0.575667 0.0412924 0.246735
0 0.641814 0.53135 0.0259026 0.171383
0 0.17943 0.538773 0.0319242 0.175919
