0 0.938743 0.515124 0.121747 0.831107
0 0.0498938 0.562319 0.0991253 0.629979
0 0.197881 0.463912 0.122442 0.594157
0 0.457041 0.705419 0.427142 0.572331
0 0.488582 0.289696 0.118566 0.349148
0 0.587914 0.591195 0.150577 0.671998
0 0.351649 0.608786 0.144758 0.62933
5 0.227209 0.283927 0.452115 0.564558
0 0.857118 0.723869 0.283855 0.537973
0 0.789811 0.310001 0.129563 0.352999
7 0.750814 0.264814 0.496626 0.454455
0 0.293555 0.397738 0.103129 0.394993
0 0.938743 0.515124 0.121747 0.831107
0 0.0498938 0.562319 0.0991253 0.629979
0 0.197881 0.463912 0.122442 0.594157
0 0.457041 0.705419 0.427142 0.572331
0 0.488582 0.289696 0.118566 0.349148
0 0.587914 0.591195 0.150577 0.671998
0 0.351649 0.608786 0.144758 0.62933
5 0.227209 0.283927 0.452115 0.564558
0 0.857118 0.723869 0.283855 0.537973
0 0.789811 0.310001 0.129563 0.352999
7 0.750814 0.264814 0.496626 0.454455
0 0.293555 0.397738 0.103129 0.394993
