2 0.228537 0.761522 0.456422 0.462058
2 0.502997 0.499094 0.163401 0.143333
0 0.648562 0.754152 0.108632 0.484713
2 0.160422 0.561128 0.318901 0.229758
0 0.763398 0.801854 0.135182 0.394423
0 0.960851 0.590873 0.0644274 0.285551
2 0.918631 0.473612 0.0772644 0.102706
2 0.795916 0.588785 0.157762 0.304145
0 0.0466725 0.425462 0.0217645 0.117971
2 0.229716 0.42786 0.121054 0.0900245
2 0.435033 0.445144 0.0783461 0.0884311
2 0.976989 0.463926 0.0451809 0.075051
0 0.352312 0.498098 0.07615 0.121696
2 0.228537 0.761522 0.456422 0.462058
2 0.502997 0.499094 0.163401 0.143333
0 0.648562 0.754152 0.108632 0.484713
2 0.160422 0.561128 0.318901 0.229758
0 0.763398 0.801854 0.135182 0.394423
0 0.960851 0.590873 0.0644274 0.285551
2 0.918631 0.473612 0.0772644 0.102706
2 0.795916 0.588785 0.157762 0.304145
0 0.0466725 0.425462 0.0217645 0.117971
2 0.229716 0.42786 0.121054 0.0900245
2 0.435033 0.445144 0.0783461 0.0884311
2 0.976989 0.463926 0.0451809 0.075051
0 0.352312 0.498098 0.07615 0.121696
