2 0.53949 0.568841 0.330164 0.293189
7 0.785643 0.48416 0.41352 0.363561
0 0.353041 0.499382 0.0517185 0.30814
2 0.17281 0.580231 0.334539 0.398984
0 0.0345671 0.420577 0.0479467 0.188587
0 0.838143 0.442228 0.0354172 0.0689177
9 0.685279 0.173486 0.05996 0.167677
0 0.302935 0.45327 0.0387097 0.251638
2 0.53949 0.568841 0.330164 0.293189
7 0.785643 0.48416 0.41352 0.363561
0 0.353041 0.499382 0.0517185 0.30814
2 0.17281 0.580231 0.334539 0.398984
0 0.0345671 0.420577 0.0479467 0.188587
0 0.838143 0.442228 0.0354172 0.0689177
9 0.685279 0.173486 0.05996 0.167677
0 0.302935 0.45327 0.0387097 0.251638
