0 0.821899 0.431426 0.0803489 0.315752
0 0.593973 0.434367 0.0454195 0.268778
2 0.785556 0.259212 0.0433906 0.0579522
0 0.0258575 0.444151 0.0516083 0.261373
0 0.546122 0.430294 0.0507269 0.274061
0 0.945077 0.612634 0.109149 0.724073
0 0.0823039 0.412942 0.0451281 0.22628
1 0.949718 0.818367 0.0995373 0.347988
0 0.737663 0.346722 0.0366257 0.17636
2 0.836836 0.272214 0.0548382 0.103975
0 0.125123 0.391612 0.0370518 0.191224
0 0.0383167 0.412284 0.0461132 0.186896
7 0.880598 0.235302 0.0590591 0.118018
