2 0.36035 0.487837 0.165863 0.205419
5 0.724922 0.402725 0.545262 0.800483
2 0.194823 0.492137 0.178763 0.298586
0 0.348117 0.54971 0.0919628 0.240982
2 0.264898 0.410392 0.0611188 0.0943944
0 0.649049 0.330966 0.0340879 0.106292
0 0.791502 0.338301 0.0609559 0.145622
2 0.585184 0.805022 0.58716 0.371889
3 0.347829 0.623008 0.094394 0.152837
2 0.422229 0.377006 0.0538479 0.0984382
2 0.36035 0.487837 0.165863 0.205419
5 0.724922 0.402725 0.545262 0.800483
2 0.194823 0.492137 0.178763 0.298586
0 0.348117 0.54971 0.0919628 0.240982
2 0.264898 0.410392 0.0611188 0.0943944
0 0.649049 0.330966 0.0340879 0.106292
0 0.791502 0.338301 0.0609559 0.145622
2 0.585184 0.805022 0.58716 0.371889
3 0.347829 0.623008 0.094394 0.152837
2 0.422229 0.377006 0.0538479 0.0984382
