2 0.413234 0.695446 0.403302 0.58246
2 0.484847 0.421423 0.163283 0.204253
2 0.595295 0.414594 0.135674 0.193444
2 0.266838 0.373886 0.0775616 0.169089
2 0.74819 0.466358 0.227984 0.285972
0 0.104577 0.463135 0.0432231 0.39213
0 0.139043 0.379178 0.0446077 0.262667
2 0.351648 0.354532 0.105288 0.124523
3 0.838957 0.592829 0.0514652 0.112449
0 0.765941 0.300118 0.0379841 0.0627104
0 0.865142 0.427508 0.0437664 0.213001
7 0.291728 0.244601 0.110966 0.110463
0 0.957866 0.774221 0.0832058 0.180136
2 0.0133073 0.287065 0.0259168 0.0659637
0 0.676313 0.298705 0.0320004 0.0671948
0 0.958138 0.672899 0.0826366 0.38217
0 0.940743 0.413295 0.0408611 0.16244
0 0.615736 0.295728 0.0196708 0.0548213
0 0.794092 0.301361 0.0239824 0.0679646
2 0.481731 0.30886 0.0826818 0.0732311
2 0.406678 0.316353 0.0557235 0.068803
24 0.138146 0.331655 0.0359068 0.0897049
2 0.379947 0.279267 0.0427328 0.0353399
0 0.653041 0.307224 0.0208664 0.0479327
0 0.865297 0.415668 0.0332096 0.184033
0 0.882412 0.391269 0.0201153 0.127067
2 0.436157 0.296688 0.0421934 0.0450219
2 0.413234 0.695446 0.403302 0.58246
2 0.484847 0.421423 0.163283 0.204253
2 0.595295 0.414594 0.135674 0.193444
2 0.266838 0.373886 0.0775616 0.169089
2 0.74819 0.466358 0.227984 0.285972
0 0.104577 0.463135 0.0432231 0.39213
0 0.139043 0.379178 0.0446077 0.262667
2 0.351648 0.354532 0.105288 0.124523
3 0.838957 0.592829 0.0514652 0.112449
2 0.413234 0.695446 0.403302 0.58246
2 0.484847 0.421423 0.163283 0.204253
2 0.595295 0.414594 0.135674 0.193444
2 0.266838 0.373886 0.0775616 0.169089
2 0.74819 0.466358 0.227984 0.285972
0 0.104577 0.463135 0.0432231 0.39213
0 0.139043 0.379178 0.0446077 0.262667
2 0.351648 0.354532 0.105288 0.124523
3 0.838957 0.592829 0.0514652 0.112449
