2 0.196546 0.456906 0.210568 0.186929
2 0.0478881 0.675352 0.0952815 0.205884
5 0.706861 0.277124 0.152309 0.196593
5 0.45738 0.208268 0.144394 0.151327
0 0.274711 0.861412 0.0657208 0.273279
3 0.181419 0.590452 0.0769447 0.138099
0 0.317411 0.909425 0.0612069 0.180154
0 0.350771 0.512865 0.0495849 0.16929
0 0.332315 0.795039 0.0495776 0.188719
2 0.573357 0.406847 0.093752 0.142768
0 0.228519 0.938888 0.0637137 0.122156
1 0.349393 0.567692 0.0553057 0.125389
0 0.390916 0.809001 0.0516982 0.119748
0 0.551471 0.539225 0.0358227 0.174622
2 0.477536 0.338588 0.117527 0.113637
3 0.144063 0.847552 0.167395 0.298742
5 0.595792 0.267302 0.0936482 0.124867
1 0.397633 0.596418 0.0577664 0.122959
0 0.184427 0.534752 0.0613466 0.177949
0 0.586231 0.924612 0.0523485 0.149304
