2 0.788491 0.543177 0.366021 0.312966
2 0.471125 0.52427 0.264448 0.288881
2 0.241662 0.410303 0.104595 0.154533
2 0.937874 0.740125 0.123149 0.490892
2 0.497206 0.404975 0.177366 0.143283
2 0.313298 0.350526 0.0663818 0.0827881
2 0.954262 0.378934 0.089159 0.10327
2 0.88853 0.375621 0.102046 0.105182
2 0.209221 0.349203 0.0692884 0.122649
2 0.822432 0.375349 0.0868555 0.0976824
2 0.719476 0.346225 0.11919 0.112215
2 0.276594 0.321949 0.0351948 0.0639609
2 0.11509 0.321447 0.0265724 0.0600293
2 0.426851 0.352347 0.091707 0.0771827
0 0.0174418 0.356182 0.0306101 0.0988778
2 0.788491 0.543177 0.366021 0.312966
2 0.471125 0.52427 0.264448 0.288881
2 0.241662 0.410303 0.104595 0.154533
2 0.937874 0.740125 0.123149 0.490892
2 0.497206 0.404975 0.177366 0.143283
2 0.313298 0.350526 0.0663818 0.0827881
2 0.954262 0.378934 0.089159 0.10327
2 0.88853 0.375621 0.102046 0.105182
2 0.209221 0.349203 0.0692884 0.122649
2 0.822432 0.375349 0.0868555 0.0976824
2 0.719476 0.346225 0.11919 0.112215
2 0.276594 0.321949 0.0351948 0.0639609
2 0.11509 0.321447 0.0265724 0.0600293
2 0.426851 0.352347 0.091707 0.0771827
0 0.0174418 0.356182 0.0306101 0.0988778
