2 0.920009 0.472898 0.157749 0.208119
0 0.308238 0.80962 0.122262 0.377497
0 0.724512 0.632283 0.0810329 0.389
2 0.902472 0.384209 0.139554 0.155729
5 0.72546 0.320725 0.175082 0.194408
0 0.962464 0.691059 0.0739674 0.466247
0 0.770936 0.505862 0.061433 0.230669
0 0.653291 0.539424 0.0421071 0.247571
2 0.838165 0.35461 0.0623482 0.0971384
3 0.787182 0.577985 0.0450993 0.139916
2 0.972549 0.326003 0.0543087 0.0915756
0 0.689481 0.494747 0.0402772 0.177474
0 0.284965 0.496817 0.0609427 0.132985
2 0.663722 0.413022 0.0824599 0.108398
0 0.187852 0.517296 0.0621019 0.128628
2 0.920009 0.472898 0.157749 0.208119
0 0.308238 0.80962 0.122262 0.377497
0 0.724512 0.632283 0.0810329 0.389
2 0.902472 0.384209 0.139554 0.155729
5 0.72546 0.320725 0.175082 0.194408
0 0.962464 0.691059 0.0739674 0.466247
0 0.770936 0.505862 0.061433 0.230669
0 0.653291 0.539424 0.0421071 0.247571
2 0.838165 0.35461 0.0623482 0.0971384
3 0.787182 0.577985 0.0450993 0.139916
2 0.972549 0.326003 0.0543087 0.0915756
0 0.689481 0.494747 0.0402772 0.177474
0 0.284965 0.496817 0.0609427 0.132985
2 0.663722 0.413022 0.0824599 0.108398
0 0.187852 0.517296 0.0621019 0.128628
