0 0.527841 0.386898 0.0408773 0.285067
0 0.323102 0.699456 0.171488 0.571188
0 0.574603 0.3488 0.0402297 0.252143
0 0.442271 0.347298 0.0370409 0.213561
0 0.979728 0.383765 0.0400089 0.272539
0 0.920346 0.379654 0.0549601 0.25467
0 0.752527 0.419683 0.0749098 0.216299
0 0.277984 0.345006 0.0296268 0.164661
0 0.692407 0.337098 0.0520907 0.191775
0 0.235218 0.330835 0.0371193 0.155098
0 0.210441 0.328403 0.0310149 0.148262
0 0.527841 0.386898 0.0408773 0.285067
0 0.323102 0.699456 0.171488 0.571188
0 0.574603 0.3488 0.0402297 0.252143
0 0.442271 0.347298 0.0370409 0.213561
0 0.979728 0.383765 0.0400089 0.272539
0 0.920346 0.379654 0.0549601 0.25467
0 0.752527 0.419683 0.0749098 0.216299
0 0.277984 0.345006 0.0296268 0.164661
0 0.692407 0.337098 0.0520907 0.191775
0 0.235218 0.330835 0.0371193 0.155098
0 0.210441 0.328403 0.0310149 0.148262
