5 0.151091 0.340752 0.301288 0.662473
2 0.467996 0.469378 0.277285 0.234248
0 0.344806 0.675232 0.104058 0.425894
0 0.894447 0.806595 0.163237 0.383048
0 0.177724 0.769998 0.135074 0.446463
0 0.655961 0.548865 0.0555381 0.230036
0 0.817873 0.809419 0.0776556 0.378361
0 0.70866 0.860972 0.110342 0.272075
0 0.949682 0.694174 0.0980209 0.339104
0 0.100002 0.778815 0.199408 0.427889
0 0.733376 0.748975 0.118536 0.385988
1 0.654384 0.665009 0.0575243 0.216031
1 0.390424 0.804269 0.327557 0.376426
0 0.82122 0.525354 0.0508492 0.21878
7 0.833179 0.38459 0.077104 0.147526
0 0.984509 0.809328 0.03046 0.372357
0 0.752905 0.474041 0.0430149 0.160424
0 0.864386 0.53833 0.0454239 0.176611
2 0.64338 0.444253 0.087989 0.163333
