2 0.699501 0.429479 0.364653 0.257091
2 0.189065 0.383788 0.110922 0.136869
0 0.25836 0.546424 0.0995634 0.288908
2 0.120057 0.35564 0.061718 0.0977042
2 0.709857 0.736422 0.576754 0.507213
2 0.361716 0.449357 0.236469 0.307377
3 0.254805 0.653097 0.107921 0.266162
0 0.831258 0.364381 0.0298214 0.117512
0 0.404485 0.322673 0.0286847 0.0813118
0 0.374266 0.298204 0.0206668 0.0486705
0 0.938903 0.343512 0.0282352 0.11605
2 0.826083 0.343103 0.166981 0.102139
2 0.699501 0.429479 0.364653 0.257091
2 0.189065 0.383788 0.110922 0.136869
0 0.25836 0.546424 0.0995634 0.288908
2 0.120057 0.35564 0.061718 0.0977042
2 0.709857 0.736422 0.576754 0.507213
2 0.361716 0.449357 0.236469 0.307377
3 0.254805 0.653097 0.107921 0.266162
0 0.831258 0.364381 0.0298214 0.117512
0 0.404485 0.322673 0.0286847 0.0813118
0 0.374266 0.298204 0.0206668 0.0486705
0 0.938903 0.343512 0.0282352 0.11605
2 0.826083 0.343103 0.166981 0.102139
