5 0.731222 0.512873 0.536472 0.633582
0 0.369364 0.768435 0.0931763 0.453745
2 0.219246 0.404407 0.0525184 0.0755913
0 0.459743 0.835271 0.105142 0.326745
5 0.675847 0.743437 0.383719 0.497226
0 0.0650233 0.75861 0.129563 0.474884
5 0.339682 0.37691 0.144167 0.173433
0 0.210978 0.746197 0.0826102 0.483345
0 0.582548 0.884741 0.14419 0.226236
2 0.0365612 0.485209 0.0730542 0.1602
0 0.166442 0.719628 0.125511 0.553806
0 0.0230747 0.576438 0.0460345 0.240956
0 0.441326 0.571244 0.0538589 0.253825
2 0.45633 0.398451 0.0246794 0.0619088
2 0.0756672 0.437218 0.0775916 0.129578
5 0.731222 0.512873 0.536472 0.633582
0 0.369364 0.768435 0.0931763 0.453745
2 0.219246 0.404407 0.0525184 0.0755913
0 0.459743 0.835271 0.105142 0.326745
5 0.675847 0.743437 0.383719 0.497226
0 0.0650233 0.75861 0.129563 0.474884
5 0.339682 0.37691 0.144167 0.173433
0 0.210978 0.746197 0.0826102 0.483345
0 0.582548 0.884741 0.14419 0.226236
2 0.0365612 0.485209 0.0730542 0.1602
0 0.166442 0.719628 0.125511 0.553806
0 0.0230747 0.576438 0.0460345 0.240956
0 0.441326 0.571244 0.0538589 0.253825
2 0.45633 0.398451 0.0246794 0.0619088
2 0.0756672 0.437218 0.0775916 0.129578
