2 0.36063 0.661504 0.319372 0.423554
5 0.671986 0.475052 0.650765 0.947733
2 0.168514 0.42622 0.127248 0.228462
2 0.219886 0.370609 0.041794 0.0750597
2 0.274514 0.401873 0.106069 0.121281
0 0.821426 0.30625 0.0743523 0.246874
0 0.485103 0.302577 0.0235787 0.0862247
2 0.36063 0.661504 0.319372 0.423554
5 0.671986 0.475052 0.650765 0.947733
2 0.168514 0.42622 0.127248 0.228462
2 0.219886 0.370609 0.041794 0.0750597
2 0.274514 0.401873 0.106069 0.121281
0 0.821426 0.30625 0.0743523 0.246874
0 0.485103 0.302577 0.0235787 0.0862247
