5 0.448407 0.6552 0.519585 0.541211
2 0.778482 0.523165 0.150978 0.189815
2 0.639487 0.838092 0.381107 0.310617
2 0.954943 0.390703 0.0887817 0.173107
0 0.952898 0.489057 0.0516172 0.157128
0 0.520602 0.92829 0.0656183 0.140151
0 0.476542 0.715234 0.0433851 0.247422
0 0.382792 0.396909 0.0459684 0.161788
0 0.906336 0.895823 0.0754314 0.200921
2 0.58397 0.284617 0.0667599 0.0912593
9 0.16292 0.209316 0.0293921 0.140693
0 0.047415 0.435242 0.0387255 0.0927311
0 0.823706 0.947106 0.0519083 0.105787
5 0.448407 0.6552 0.519585 0.541211
2 0.778482 0.523165 0.150978 0.189815
2 0.639487 0.838092 0.381107 0.310617
2 0.954943 0.390703 0.0887817 0.173107
0 0.952898 0.489057 0.0516172 0.157128
0 0.520602 0.92829 0.0656183 0.140151
0 0.476542 0.715234 0.0433851 0.247422
0 0.382792 0.396909 0.0459684 0.161788
0 0.906336 0.895823 0.0754314 0.200921
2 0.58397 0.284617 0.0667599 0.0912593
9 0.16292 0.209316 0.0293921 0.140693
0 0.047415 0.435242 0.0387255 0.0927311
0 0.823706 0.947106 0.0519083 0.105787
