5 0.497128 0.700425 0.957287 0.584539
0 0.344543 0.444112 0.118215 0.31532
5 0.198425 0.299668 0.304501 0.25708
2 0.605541 0.299481 0.0721094 0.118713
0 0.661847 0.346715 0.0767338 0.165556
0 0.391373 0.373483 0.0577005 0.19194
2 0.498187 0.173578 0.117991 0.102027
0 0.448453 0.864514 0.0786224 0.270254
5 0.891336 0.247774 0.217328 0.202519
0 0.733205 0.303959 0.0397973 0.0757821
0 0.0130589 0.324541 0.0255865 0.16369
2 0.984338 0.736705 0.0305897 0.109414
0 0.442375 0.218587 0.0254858 0.120169
