2 0.0383974 0.365254 0.0767295 0.136796
5 0.364498 0.272789 0.157004 0.230766
2 0.624548 0.536807 0.400914 0.523182
2 0.259244 0.350594 0.119412 0.18064
2 0.358788 0.596355 0.184471 0.463078
0 0.171316 0.593221 0.076515 0.25583
2 0.0570307 0.300562 0.0718399 0.0946619
5 0.214895 0.232926 0.0824715 0.140142
0 0.819959 0.398324 0.0368284 0.218402
0 0.851386 0.405708 0.035784 0.231179
0 0.201473 0.873573 0.177735 0.251737
0 0.914442 0.395118 0.0440432 0.191509
0 0.791855 0.392595 0.0318747 0.208183
0 0.174605 0.704226 0.0882339 0.172225
