2 0.408618 0.404416 0.217188 0.175654
0 0.720025 0.587259 0.0794834 0.365533
2 0.625433 0.436204 0.342339 0.305005
0 0.436644 0.817189 0.166307 0.357019
0 0.798913 0.537133 0.0604139 0.333035
0 0.973143 0.550129 0.0526928 0.382985
5 0.0795086 0.362797 0.158109 0.603994
1 0.466542 0.701949 0.279155 0.330664
0 0.432101 0.522918 0.0995893 0.297963
0 0.233017 0.499439 0.0616145 0.312585
2 0.793209 0.339465 0.125548 0.154445
0 0.874708 0.413941 0.0434647 0.171823
0 0.310969 0.349321 0.0335967 0.135733
1 0.927956 0.531657 0.034013 0.167153
2 0.408618 0.404416 0.217188 0.175654
0 0.720025 0.587259 0.0794834 0.365533
2 0.625433 0.436204 0.342339 0.305005
0 0.436644 0.817189 0.166307 0.357019
0 0.798913 0.537133 0.0604139 0.333035
0 0.973143 0.550129 0.0526928 0.382985
5 0.0795086 0.362797 0.158109 0.603994
1 0.466542 0.701949 0.279155 0.330664
0 0.432101 0.522918 0.0995893 0.297963
0 0.233017 0.499439 0.0616145 0.312585
2 0.793209 0.339465 0.125548 0.154445
0 0.874708 0.413941 0.0434647 0.171823
0 0.310969 0.349321 0.0335967 0.135733
1 0.927956 0.531657 0.034013 0.167153
