2 0.853722 0.273841 0.0611641 0.0729832
0 0.959129 0.768043 0.0805668 0.453514
0 0.434343 0.612221 0.086184 0.391749
2 0.207146 0.332848 0.1948 0.126083
0 0.521542 0.605918 0.091814 0.391456
2 0.44497 0.299448 0.1341 0.103201
2 0.232432 0.734078 0.461976 0.512519
0 0.719787 0.780257 0.190312 0.427445
2 0.959111 0.247764 0.0464741 0.0650716
0 0.782312 0.35473 0.0600838 0.0927239
0 0.962289 0.484677 0.0744411 0.198679
0 0.848443 0.80271 0.153403 0.390612
2 0.921281 0.252739 0.0336855 0.0472491
2 0.893276 0.259106 0.0369551 0.0548752
9 0.0512069 0.122787 0.02327 0.107106
3 0.636361 0.452438 0.114261 0.286427
2 0.63743 0.452285 0.111832 0.282876
