0 0.320537 0.493806 0.140368 0.323518
0 0.243541 0.320088 0.0432003 0.133744
0 0.374558 0.415302 0.0611755 0.200853
5 0.50193 0.749061 0.996139 0.497798
0 0.746966 0.406205 0.0838223 0.208432
0 0.591999 0.294836 0.0352196 0.170743
0 0.587136 0.86898 0.0411704 0.185296
0 0.320537 0.493806 0.140368 0.323518
0 0.243541 0.320088 0.0432003 0.133744
0 0.374558 0.415302 0.0611755 0.200853
5 0.50193 0.749061 0.996139 0.497798
0 0.746966 0.406205 0.0838223 0.208432
0 0.591999 0.294836 0.0352196 0.170743
0 0.587136 0.86898 0.0411704 0.185296
