2 0.309056 0.732993 0.614092 0.512477
0 0.953748 0.702224 0.0915916 0.578056
2 0.95422 0.406745 0.0912251 0.118708
2 0.825399 0.510532 0.169938 0.296238
2 0.89527 0.381709 0.0602535 0.0937681
2 0.79586 0.38447 0.148191 0.158447
9 0.19578 0.121411 0.0350052 0.172182
0 0.454851 0.619005 0.0753391 0.108861
7 0.191685 0.509995 0.382054 0.438529
0 0.10081 0.432611 0.0841511 0.119402
2 0.596101 0.463326 0.153214 0.182088
2 0.810144 0.350144 0.120198 0.088504
2 0.626047 0.328113 0.0746544 0.0732774
2 0.309056 0.732993 0.614092 0.512477
0 0.953748 0.702224 0.0915916 0.578056
2 0.95422 0.406745 0.0912251 0.118708
2 0.825399 0.510532 0.169938 0.296238
2 0.89527 0.381709 0.0602535 0.0937681
2 0.79586 0.38447 0.148191 0.158447
9 0.19578 0.121411 0.0350052 0.172182
0 0.454851 0.619005 0.0753391 0.108861
7 0.191685 0.509995 0.382054 0.438529
0 0.10081 0.432611 0.0841511 0.119402
2 0.596101 0.463326 0.153214 0.182088
2 0.810144 0.350144 0.120198 0.088504
2 0.626047 0.328113 0.0746544 0.0732774
