2 0.363985 0.73153 0.449233 0.51733
2 0.739735 0.741087 0.51783 0.501388
2 0.433566 0.5112 0.230462 0.260791
2 0.279433 0.413781 0.118505 0.129471
2 0.157422 0.458569 0.145079 0.219997
2 0.510905 0.430454 0.168689 0.135692
2 0.152858 0.323587 0.0511664 0.0580823
0 0.722252 0.724587 0.0833776 0.158623
2 0.333424 0.373491 0.0895847 0.0790221
2 0.587896 0.41783 0.114538 0.15138
0 0.947269 0.520849 0.042709 0.227768
0 0.669138 0.395777 0.0211893 0.128772
0 0.81475 0.46675 0.046859 0.162659
2 0.21084 0.372757 0.0621246 0.0971703
2 0.105671 0.366642 0.0697013 0.0816593
