5 0.73185 0.506708 0.531141 0.912046
2 0.0280399 0.293382 0.0555571 0.152114
0 0.284191 0.465863 0.0813708 0.277459
0 0.161358 0.585145 0.0849191 0.295259
2 0.0653956 0.248616 0.0529671 0.0697317
0 0.17745 0.869804 0.171909 0.258099
0 0.15369 0.677436 0.0915885 0.168422
0 0.612309 0.277288 0.0258716 0.0705079
5 0.24906 0.228427 0.176887 0.271144
5 0.73185 0.506708 0.531141 0.912046
2 0.0280399 0.293382 0.0555571 0.152114
0 0.284191 0.465863 0.0813708 0.277459
0 0.161358 0.585145 0.0849191 0.295259
2 0.0653956 0.248616 0.0529671 0.0697317
0 0.17745 0.869804 0.171909 0.258099
0 0.15369 0.677436 0.0915885 0.168422
0 0.612309 0.277288 0.0258716 0.0705079
5 0.24906 0.228427 0.176887 0.271144
