0 0.803772 0.603545 0.269909 0.772012
1 0.531226 0.568306 0.33115 0.53289
0 0.934404 0.33161 0.119837 0.565781
0 0.0764664 0.17719 0.0822835 0.297032
0 0.277258 0.519733 0.199792 0.615838
0 0.502146 0.409171 0.144138 0.574252
0 0.630642 0.312306 0.125205 0.444233
0 0.789071 0.217455 0.0793642 0.370185
1 0.637771 0.434499 0.189579 0.311483
0 0.19126 0.167238 0.0667431 0.245327
0 0.977407 0.785491 0.044212 0.412911
0 0.685866 0.183331 0.0936018 0.312186
0 0.329607 0.11226 0.0513204 0.163415
0 0.803772 0.603545 0.269909 0.772012
1 0.531226 0.568306 0.33115 0.53289
0 0.934404 0.33161 0.119837 0.565781
0 0.0764664 0.17719 0.0822835 0.297032
0 0.277258 0.519733 0.199792 0.615838
0 0.502146 0.409171 0.144138 0.574252
0 0.630642 0.312306 0.125205 0.444233
0 0.789071 0.217455 0.0793642 0.370185
1 0.637771 0.434499 0.189579 0.311483
0 0.19126 0.167238 0.0667431 0.245327
0 0.977407 0.785491 0.044212 0.412911
0 0.685866 0.183331 0.0936018 0.312186
0 0.329607 0.11226 0.0513204 0.163415
