2 0.227576 0.580381 0.452697 0.812618
0 0.597994 0.6418 0.143359 0.708508
0 0.943206 0.689335 0.112346 0.60106
0 0.826838 0.744759 0.246527 0.501757
0 0.791176 0.642726 0.187717 0.579454
0 0.383704 0.485555 0.0950788 0.441338
2 0.181475 0.292021 0.167256 0.197031
0 0.227202 0.340166 0.0542448 0.198691
0 0.298686 0.400782 0.150319 0.279381
0 0.371231 0.382173 0.0694617 0.247784
0 0.771181 0.320068 0.0398554 0.177169
2 0.227576 0.580381 0.452697 0.812618
0 0.597994 0.6418 0.143359 0.708508
0 0.943206 0.689335 0.112346 0.60106
0 0.826838 0.744759 0.246527 0.501757
0 0.791176 0.642726 0.187717 0.579454
0 0.383704 0.485555 0.0950788 0.441338
2 0.181475 0.292021 0.167256 0.197031
0 0.227202 0.340166 0.0542448 0.198691
0 0.298686 0.400782 0.150319 0.279381
0 0.371231 0.382173 0.0694617 0.247784
0 0.771181 0.320068 0.0398554 0.177169
