2 0.850271 0.460629 0.202931 0.221798
2 0.413091 0.493029 0.379247 0.255027
0 0.728475 0.530637 0.103862 0.309242
2 0.220496 0.413586 0.315102 0.25411
9 0.211732 0.0897768 0.0354266 0.172038
0 0.0843709 0.347137 0.0309388 0.134838
2 0.97825 0.391529 0.0429596 0.156838
0 0.0348038 0.32758 0.0274026 0.104865
2 0.916166 0.345968 0.092395 0.110604
2 0.539516 0.394528 0.133237 0.137952
2 0.254914 0.773421 0.508147 0.43721
7 0.681319 0.395725 0.175006 0.226847
0 0.456169 0.442416 0.0319241 0.0579645
2 0.850271 0.460629 0.202931 0.221798
2 0.413091 0.493029 0.379247 0.255027
0 0.728475 0.530637 0.103862 0.309242
2 0.220496 0.413586 0.315102 0.25411
9 0.211732 0.0897768 0.0354266 0.172038
0 0.0843709 0.347137 0.0309388 0.134838
2 0.97825 0.391529 0.0429596 0.156838
0 0.0348038 0.32758 0.0274026 0.104865
2 0.916166 0.345968 0.092395 0.110604
2 0.539516 0.394528 0.133237 0.137952
2 0.254914 0.773421 0.508147 0.43721
7 0.681319 0.395725 0.175006 0.226847
0 0.456169 0.442416 0.0319241 0.0579645
