2 0.887945 0.659255 0.22411 0.263635
2 0.515455 0.706477 0.281592 0.336844
2 0.697653 0.584812 0.239012 0.19029
0 0.37734 0.608552 0.0571046 0.302081
0 0.158245 0.594643 0.0486784 0.263188
0 0.816437 0.511086 0.0367678 0.135402
0 0.218102 0.574922 0.0486137 0.261225
0 0.120356 0.58773 0.052225 0.278762
0 0.0525127 0.579254 0.0549779 0.273213
9 0.713099 0.276958 0.0487839 0.167466
0 0.289761 0.650787 0.0534532 0.309536
0 0.328749 0.574659 0.0430686 0.278688
0 0.897861 0.494443 0.0295319 0.0685667
0 0.786994 0.508571 0.0279346 0.0994824
