5 0.225072 0.551133 0.449336 0.561831
2 0.467871 0.341085 0.113962 0.154559
5 0.424119 0.158028 0.175173 0.187809
2 0.597511 0.269786 0.12783 0.130691
5 0.870493 0.178365 0.125881 0.179283
2 0.676027 0.32317 0.0960166 0.168145
0 0.528061 0.651064 0.0533774 0.242684
0 0.161105 0.876501 0.0594462 0.240618
2 0.701956 0.446054 0.138335 0.187395
5 0.941504 0.142121 0.11632 0.177541
0 0.206427 0.650299 0.0613214 0.20283
0 0.66825 0.532793 0.0446995 0.203295
0 0.545334 0.749033 0.0919608 0.163288
0 0.720932 0.507017 0.0383045 0.210229
5 0.225072 0.551133 0.449336 0.561831
2 0.467871 0.341085 0.113962 0.154559
5 0.424119 0.158028 0.175173 0.187809
2 0.597511 0.269786 0.12783 0.130691
5 0.870493 0.178365 0.125881 0.179283
2 0.676027 0.32317 0.0960166 0.168145
0 0.528061 0.651064 0.0533774 0.242684
0 0.161105 0.876501 0.0594462 0.240618
2 0.701956 0.446054 0.138335 0.187395
5 0.941504 0.142121 0.11632 0.177541
0 0.206427 0.650299 0.0613214 0.20283
0 0.66825 0.532793 0.0446995 0.203295
0 0.545334 0.749033 0.0919608 0.163288
0 0.720932 0.507017 0.0383045 0.210229
