0 0.740831 0.570428 0.353042 0.843566
0 0.457626 0.604914 0.377995 0.767675
0 0.0818555 0.55468 0.13533 0.569108
0 0.0606322 0.855806 0.120222 0.266687
0 0.5624 0.366821 0.11111 0.449129
0 0.717286 0.306664 0.051933 0.269572
0 0.265224 0.845271 0.160826 0.30437
0 0.618867 0.321975 0.0497635 0.312214
0 0.177812 0.306487 0.0478756 0.289647
0 0.740831 0.570428 0.353042 0.843566
0 0.457626 0.604914 0.377995 0.767675
0 0.0818555 0.55468 0.13533 0.569108
0 0.0606322 0.855806 0.120222 0.266687
0 0.5624 0.366821 0.11111 0.449129
0 0.717286 0.306664 0.051933 0.269572
0 0.265224 0.845271 0.160826 0.30437
0 0.618867 0.321975 0.0497635 0.312214
0 0.177812 0.306487 0.0478756 0.289647
