5 0.23807 0.31026 0.474628 0.594221
0 0.733857 0.580603 0.0800797 0.360947
0 0.882961 0.573458 0.102617 0.326933
0 0.0730641 0.830938 0.145847 0.323347
1 0.600448 0.624642 0.204356 0.263639
0 0.816107 0.533644 0.0681139 0.327655
0 0.571493 0.502578 0.070102 0.306433
0 0.367188 0.85177 0.162438 0.292997
0 0.25337 0.613481 0.11081 0.530566
2 0.531808 0.38122 0.121323 0.156376
0 0.0591841 0.543974 0.0924231 0.389081
1 0.228076 0.788106 0.248273 0.357574
0 0.18761 0.503656 0.0806797 0.323451
5 0.23807 0.31026 0.474628 0.594221
0 0.733857 0.580603 0.0800797 0.360947
0 0.882961 0.573458 0.102617 0.326933
0 0.0730641 0.830938 0.145847 0.323347
1 0.600448 0.624642 0.204356 0.263639
0 0.816107 0.533644 0.0681139 0.327655
0 0.571493 0.502578 0.070102 0.306433
0 0.367188 0.85177 0.162438 0.292997
0 0.25337 0.613481 0.11081 0.530566
2 0.531808 0.38122 0.121323 0.156376
0 0.0591841 0.543974 0.0924231 0.389081
1 0.228076 0.788106 0.248273 0.357574
0 0.18761 0.503656 0.0806797 0.323451
