5 0.444793 0.587073 0.392601 0.430103
2 0.706401 0.48926 0.137214 0.1482
5 0.0730009 0.694712 0.144955 0.24841
0 0.364039 0.922794 0.0540495 0.153163
0 0.468267 0.650192 0.0404609 0.215799
5 0.776051 0.284885 0.131535 0.120323
2 0.640364 0.716475 0.237394 0.24701
0 0.634394 0.93274 0.0518585 0.13382
0 0.823253 0.545703 0.0351818 0.155854
9 0.249043 0.196993 0.0196306 0.0942613
0 0.325762 0.385403 0.020785 0.0918549
2 0.800548 0.39639 0.110241 0.142254
0 0.567557 0.839086 0.0384151 0.261974
0 0.823362 0.777879 0.0583267 0.177783
5 0.444793 0.587073 0.392601 0.430103
2 0.706401 0.48926 0.137214 0.1482
5 0.0730009 0.694712 0.144955 0.24841
0 0.364039 0.922794 0.0540495 0.153163
0 0.468267 0.650192 0.0404609 0.215799
5 0.776051 0.284885 0.131535 0.120323
2 0.640364 0.716475 0.237394 0.24701
0 0.634394 0.93274 0.0518585 0.13382
0 0.823253 0.545703 0.0351818 0.155854
9 0.249043 0.196993 0.0196306 0.0942613
0 0.325762 0.385403 0.020785 0.0918549
2 0.800548 0.39639 0.110241 0.142254
0 0.567557 0.839086 0.0384151 0.261974
0 0.823362 0.777879 0.0583267 0.177783
