0 0.633561 0.769196 0.118233 0.422485
1 0.237254 0.842001 0.251925 0.308637
0 0.272959 0.739548 0.0945701 0.408705
2 0.12946 0.592589 0.209171 0.23382
2 0.387444 0.551464 0.212279 0.137683
0 0.823188 0.608617 0.0515011 0.224793
0 0.730939 0.586468 0.051067 0.219381
0 0.879821 0.563374 0.040432 0.201109
3 0.379693 0.711324 0.124552 0.199338
0 0.928422 0.557083 0.0488623 0.181487
0 0.570399 0.60009 0.0645444 0.219262
2 0.663714 0.553989 0.121721 0.17232
1 0.731676 0.659114 0.0476375 0.155407
2 0.949975 0.500967 0.041589 0.0738726
0 0.381225 0.636672 0.0933227 0.265314
0 0.164268 0.552816 0.0373802 0.092943
0 0.633561 0.769196 0.118233 0.422485
1 0.237254 0.842001 0.251925 0.308637
0 0.272959 0.739548 0.0945701 0.408705
2 0.12946 0.592589 0.209171 0.23382
2 0.387444 0.551464 0.212279 0.137683
0 0.823188 0.608617 0.0515011 0.224793
0 0.730939 0.586468 0.051067 0.219381
0 0.879821 0.563374 0.040432 0.201109
3 0.379693 0.711324 0.124552 0.199338
0 0.928422 0.557083 0.0488623 0.181487
0 0.570399 0.60009 0.0645444 0.219262
2 0.663714 0.553989 0.121721 0.17232
1 0.731676 0.659114 0.0476375 0.155407
2 0.949975 0.500967 0.041589 0.0738726
0 0.381225 0.636672 0.0933227 0.265314
0 0.164268 0.552816 0.0373802 0.092943
