2 0.668711 0.535543 0.302128 0.292922
7 0.846298 0.765069 0.305946 0.447114
2 0.163217 0.430713 0.129104 0.185945
2 0.512246 0.557146 0.237905 0.329911
2 0.114294 0.359422 0.0707763 0.105576
2 0.320793 0.613654 0.2305 0.465195
0 0.865549 0.454289 0.0626684 0.181196
2 0.227139 0.358169 0.0742778 0.0861383
0 0.589954 0.361171 0.0359585 0.0744693
56 0.969946 0.472176 0.0506927 0.102663
0 0.805946 0.443958 0.0586983 0.169212
2 0.559468 0.556279 0.163217 0.32564
2 0.668711 0.535543 0.302128 0.292922
7 0.846298 0.765069 0.305946 0.447114
2 0.163217 0.430713 0.129104 0.185945
2 0.512246 0.557146 0.237905 0.329911
2 0.114294 0.359422 0.0707763 0.105576
2 0.320793 0.613654 0.2305 0.465195
0 0.865549 0.454289 0.0626684 0.181196
2 0.227139 0.358169 0.0742778 0.0861383
0 0.589954 0.361171 0.0359585 0.0744693
56 0.969946 0.472176 0.0506927 0.102663
0 0.805946 0.443958 0.0586983 0.169212
2 0.559468 0.556279 0.163217 0.32564
