0 0.193933 0.779048 0.22845 0.431851
0 0.488349 0.661402 0.0929909 0.484077
0 0.0416865 0.711389 0.0831865 0.552027
0 0.589281 0.662296 0.0791987 0.447799
0 0.728292 0.813878 0.15744 0.366953
2 0.579977 0.391594 0.0995427 0.181086
0 0.429991 0.43349 0.0487919 0.227857
2 0.393028 0.455061 0.20833 0.249708
0 0.706492 0.578132 0.0514895 0.371169
0 0.965572 0.65817 0.0681553 0.361687
0 0.659769 0.618017 0.0699591 0.416948
2 0.171851 0.545865 0.343701 0.405774
0 0.748141 0.530296 0.0571602 0.33634
0 0.845032 0.442482 0.044474 0.20471
1 0.412701 0.530131 0.0841619 0.181214
2 0.848957 0.381014 0.159234 0.184709
1 0.833519 0.497258 0.0545681 0.135691
0 0.964088 0.50926 0.0509377 0.262122
0 0.512293 0.415419 0.0424082 0.193495
0 0.193933 0.779048 0.22845 0.431851
0 0.488349 0.661402 0.0929909 0.484077
0 0.0416865 0.711389 0.0831865 0.552027
0 0.589281 0.662296 0.0791987 0.447799
0 0.728292 0.813878 0.15744 0.366953
2 0.579977 0.391594 0.0995427 0.181086
0 0.429991 0.43349 0.0487919 0.227857
2 0.393028 0.455061 0.20833 0.249708
0 0.706492 0.578132 0.0514895 0.371169
0 0.965572 0.65817 0.0681553 0.361687
0 0.659769 0.618017 0.0699591 0.416948
2 0.171851 0.545865 0.343701 0.405774
0 0.748141 0.530296 0.0571602 0.33634
0 0.845032 0.442482 0.044474 0.20471
1 0.412701 0.530131 0.0841619 0.181214
2 0.848957 0.381014 0.159234 0.184709
1 0.833519 0.497258 0.0545681 0.135691
0 0.964088 0.50926 0.0509377 0.262122
0 0.512293 0.415419 0.0424082 0.193495
