5 0.5459 0.755658 0.900739 0.488376
2 0.0464029 0.697297 0.0919584 0.219869
5 0.315915 0.279135 0.627154 0.49534
0 0.316162 0.47568 0.148214 0.24782
0 0.696717 0.501264 0.0688986 0.197192
0 0.0306098 0.535348 0.0368406 0.206873
0 0.289713 0.890437 0.0771289 0.215708
0 0.0855885 0.626969 0.053518 0.231456
0 0.242812 0.956074 0.0697043 0.0868517
0 0.480613 0.878489 0.0317802 0.140048
5 0.5459 0.755658 0.900739 0.488376
2 0.0464029 0.697297 0.0919584 0.219869
5 0.315915 0.279135 0.627154 0.49534
0 0.316162 0.47568 0.148214 0.24782
0 0.696717 0.501264 0.0688986 0.197192
0 0.0306098 0.535348 0.0368406 0.206873
0 0.289713 0.890437 0.0771289 0.215708
0 0.0855885 0.626969 0.053518 0.231456
0 0.242812 0.956074 0.0697043 0.0868517
0 0.480613 0.878489 0.0317802 0.140048
