2 0.549971 0.677882 0.715009 0.620818
5 0.488489 0.397968 0.434595 0.498061
2 0.201386 0.505745 0.0794966 0.214815
0 0.865932 0.46432 0.0358578 0.172072
0 0.81781 0.415314 0.0350216 0.091556
2 0.147173 0.400331 0.0859893 0.174411
0 0.403117 0.585385 0.0573721 0.123537
2 0.549971 0.677882 0.715009 0.620818
5 0.488489 0.397968 0.434595 0.498061
2 0.201386 0.505745 0.0794966 0.214815
0 0.865932 0.46432 0.0358578 0.172072
0 0.81781 0.415314 0.0350216 0.091556
2 0.147173 0.400331 0.0859893 0.174411
0 0.403117 0.585385 0.0573721 0.123537
