7 0.436836 0.497313 0.529489 0.951117
3 0.948443 0.632979 0.102207 0.310527
0 0.877683 0.448894 0.112975 0.468676
0 0.713476 0.385919 0.0730188 0.398195
0 0.801484 0.237139 0.0565098 0.284381
0 0.548239 0.220357 0.04867 0.309354
0 0.634926 0.22011 0.064595 0.261437
7 0.436836 0.497313 0.529489 0.951117
3 0.948443 0.632979 0.102207 0.310527
0 0.877683 0.448894 0.112975 0.468676
0 0.713476 0.385919 0.0730188 0.398195
0 0.801484 0.237139 0.0565098 0.284381
0 0.548239 0.220357 0.04867 0.309354
0 0.634926 0.22011 0.064595 0.261437
