5 0.421281 0.715218 0.649221 0.545941
2 0.0488634 0.535359 0.0968997 0.172724
0 0.707134 0.449458 0.0373503 0.133259
0 0.328994 0.379681 0.0589653 0.134944
0 0.194554 0.353557 0.0238144 0.0908767
0 0.0825577 0.308175 0.024562 0.0931258
0 0.253996 0.401827 0.0960434 0.184588
0 0.577279 0.406443 0.0262468 0.0613208
5 0.421281 0.715218 0.649221 0.545941
2 0.0488634 0.535359 0.0968997 0.172724
0 0.707134 0.449458 0.0373503 0.133259
0 0.328994 0.379681 0.0589653 0.134944
0 0.194554 0.353557 0.0238144 0.0908767
0 0.0825577 0.308175 0.024562 0.0931258
0 0.253996 0.401827 0.0960434 0.184588
0 0.577279 0.406443 0.0262468 0.0613208
