2 0.66589 0.70717 0.664661 0.558949
2 0.267833 0.249487 0.259307 0.450714
0 0.422049 0.169625 0.0590609 0.29189
0 0.758612 0.164522 0.0608546 0.293607
0 0.70276 0.209225 0.0613495 0.35296
0 0.145667 0.129498 0.0428349 0.242863
0 0.375861 0.157309 0.0499463 0.282922
0 0.599235 0.147647 0.0398338 0.251851
2 0.66589 0.70717 0.664661 0.558949
2 0.267833 0.249487 0.259307 0.450714
0 0.422049 0.169625 0.0590609 0.29189
0 0.758612 0.164522 0.0608546 0.293607
0 0.70276 0.209225 0.0613495 0.35296
0 0.145667 0.129498 0.0428349 0.242863
0 0.375861 0.157309 0.0499463 0.282922
0 0.599235 0.147647 0.0398338 0.251851
