2 0.639248 0.630506 0.431082 0.444178
2 0.869949 0.575512 0.259047 0.333084
2 0.267856 0.428302 0.139395 0.190088
2 0.717988 0.344413 0.113168 0.134204
2 0.495629 0.364962 0.118228 0.112724
2 0.883257 0.365398 0.112946 0.110446
2 0.95547 0.368549 0.0873054 0.0994142
2 0.327219 0.346339 0.0747607 0.0904865
2 0.801719 0.364067 0.0730923 0.10273
2 0.609281 0.412578 0.220473 0.148418
2 0.21354 0.347015 0.0795944 0.142162
0 0.376687 0.309274 0.016393 0.082086
0 0.432557 0.313914 0.0227365 0.10088
2 0.280449 0.308939 0.0391264 0.0586127
2 0.639248 0.630506 0.431082 0.444178
2 0.869949 0.575512 0.259047 0.333084
2 0.267856 0.428302 0.139395 0.190088
2 0.717988 0.344413 0.113168 0.134204
2 0.495629 0.364962 0.118228 0.112724
2 0.883257 0.365398 0.112946 0.110446
2 0.95547 0.368549 0.0873054 0.0994142
2 0.327219 0.346339 0.0747607 0.0904865
2 0.801719 0.364067 0.0730923 0.10273
2 0.609281 0.412578 0.220473 0.148418
2 0.21354 0.347015 0.0795944 0.142162
0 0.376687 0.309274 0.016393 0.082086
0 0.432557 0.313914 0.0227365 0.10088
2 0.280449 0.308939 0.0391264 0.0586127
