0 0.866799 0.630471 0.265349 0.717516
1 0.597828 0.637262 0.328193 0.534822
0 0.356622 0.538159 0.153222 0.630598
0 0.562723 0.44347 0.14349 0.603408
0 0.135754 0.199028 0.0735956 0.272698
1 0.702037 0.495107 0.205529 0.353309
2 0.0382137 0.0483081 0.0754637 0.0933237
0 0.844022 0.296228 0.0982163 0.405198
0 0.685561 0.357421 0.124328 0.429132
0 0.336328 0.0895441 0.043868 0.120448
0 0.866799 0.630471 0.265349 0.717516
1 0.597828 0.637262 0.328193 0.534822
0 0.356622 0.538159 0.153222 0.630598
0 0.562723 0.44347 0.14349 0.603408
0 0.135754 0.199028 0.0735956 0.272698
1 0.702037 0.495107 0.205529 0.353309
2 0.0382137 0.0483081 0.0754637 0.0933237
0 0.844022 0.296228 0.0982163 0.405198
0 0.685561 0.357421 0.124328 0.429132
0 0.336328 0.0895441 0.043868 0.120448
