5 0.534994 0.409099 0.460357 0.501767
2 0.181432 0.401874 0.0891278 0.119782
0 0.878062 0.488056 0.0669312 0.257916
2 0.121008 0.342702 0.0396694 0.0484621
0 0.22962 0.364698 0.0195615 0.0931028
2 0.297699 0.352921 0.0219785 0.043178
0 0.281142 0.354018 0.013732 0.0578976
2 0.981886 0.390428 0.0356262 0.0621804
0 0.255475 0.351896 0.0129188 0.0590386
5 0.534994 0.409099 0.460357 0.501767
2 0.181432 0.401874 0.0891278 0.119782
0 0.878062 0.488056 0.0669312 0.257916
2 0.121008 0.342702 0.0396694 0.0484621
0 0.22962 0.364698 0.0195615 0.0931028
2 0.297699 0.352921 0.0219785 0.043178
0 0.281142 0.354018 0.013732 0.0578976
2 0.981886 0.390428 0.0356262 0.0621804
0 0.255475 0.351896 0.0129188 0.0590386
