0 0.369215 0.339788 0.0670524 0.144201
2 0.847753 0.25912 0.0745056 0.0823064
0 0.603155 0.883858 0.218714 0.228129
0 0.750077 0.545481 0.0956603 0.419581
0 0.0629406 0.48802 0.0675137 0.33794
0 0.146265 0.589909 0.136007 0.42374
0 0.859891 0.796687 0.15449 0.398806
0 0.97067 0.759625 0.0575539 0.471103
2 0.95603 0.249231 0.0686974 0.103019
2 0.733059 0.295479 0.0874287 0.113742
2 0.608204 0.334185 0.162167 0.15131
2 0.411095 0.277962 0.110336 0.0839659
0 0.633033 0.369599 0.0567149 0.106311
1 0.120749 0.817375 0.240225 0.349417
0 0.790971 0.282483 0.0391955 0.0991069
