2 0.462817 0.696861 0.478958 0.583807
2 0.479934 0.411768 0.169602 0.158259
2 0.140021 0.378976 0.0720293 0.140864
2 0.216437 0.414342 0.110895 0.210469
2 0.333956 0.378556 0.130549 0.082001
5 0.817555 0.326618 0.363685 0.316573
0 0.868872 0.36723 0.0362919 0.0922139
2 0.762779 0.686968 0.472488 0.601227
7 0.763121 0.685148 0.473757 0.604091
2 0.462817 0.696861 0.478958 0.583807
2 0.479934 0.411768 0.169602 0.158259
2 0.140021 0.378976 0.0720293 0.140864
2 0.216437 0.414342 0.110895 0.210469
2 0.333956 0.378556 0.130549 0.082001
5 0.817555 0.326618 0.363685 0.316573
0 0.868872 0.36723 0.0362919 0.0922139
2 0.762779 0.686968 0.472488 0.601227
7 0.763121 0.685148 0.473757 0.604091
