2 0.56678 0.42301 0.185495 0.19569
2 0.415936 0.366719 0.157784 0.183157
5 0.441286 0.171244 0.175527 0.181735
5 0.0824262 0.259984 0.161993 0.267447
5 0.941037 0.160242 0.116835 0.19056
5 0.867364 0.224118 0.139735 0.227559
2 0.234429 0.465657 0.227937 0.211146
0 0.723734 0.523059 0.0388145 0.214654
0 0.972769 0.605071 0.0442465 0.232469
0 0.0975571 0.910873 0.0546356 0.177985
0 0.157457 0.71696 0.0561371 0.166308
0 0.671985 0.538933 0.0352512 0.202835
0 0.023884 0.476965 0.0347674 0.196602
0 0.54932 0.778629 0.0918947 0.195312
2 0.755876 0.200988 0.0606308 0.0901438
7 0.631589 0.302327 0.188475 0.225604
0 0.312333 0.772928 0.0606232 0.292556
2 0.786047 0.216158 0.0425972 0.100341
2 0.56678 0.42301 0.185495 0.19569
2 0.415936 0.366719 0.157784 0.183157
5 0.441286 0.171244 0.175527 0.181735
5 0.0824262 0.259984 0.161993 0.267447
5 0.941037 0.160242 0.116835 0.19056
5 0.867364 0.224118 0.139735 0.227559
2 0.234429 0.465657 0.227937 0.211146
0 0.723734 0.523059 0.0388145 0.214654
0 0.972769 0.605071 0.0442465 0.232469
0 0.0975571 0.910873 0.0546356 0.177985
0 0.157457 0.71696 0.0561371 0.166308
0 0.671985 0.538933 0.0352512 0.202835
0 0.023884 0.476965 0.0347674 0.196602
0 0.54932 0.778629 0.0918947 0.195312
2 0.755876 0.200988 0.0606308 0.0901438
7 0.631589 0.302327 0.188475 0.225604
0 0.312333 0.772928 0.0606232 0.292556
2 0.786047 0.216158 0.0425972 0.100341
