2 0.408216 0.562885 0.472964 0.75299
2 0.23408 0.177977 0.177672 0.298107
0 0.954508 0.20563 0.0900711 0.346637
0 0.760955 0.181749 0.056889 0.295136
0 0.703237 0.230952 0.0613026 0.339253
0 0.50906 0.105151 0.0346001 0.18909
0 0.601427 0.164874 0.0391594 0.245523
3 0.83479 0.669672 0.327982 0.472754
0 0.44746 0.165557 0.051754 0.255938
0 0.840475 0.438316 0.148125 0.515242
0 0.912918 0.192534 0.0579319 0.227654
2 0.408216 0.562885 0.472964 0.75299
2 0.23408 0.177977 0.177672 0.298107
0 0.954508 0.20563 0.0900711 0.346637
0 0.760955 0.181749 0.056889 0.295136
0 0.703237 0.230952 0.0613026 0.339253
0 0.50906 0.105151 0.0346001 0.18909
0 0.601427 0.164874 0.0391594 0.245523
3 0.83479 0.669672 0.327982 0.472754
0 0.44746 0.165557 0.051754 0.255938
0 0.840475 0.438316 0.148125 0.515242
0 0.912918 0.192534 0.0579319 0.227654
