2 0.426752 0.708099 0.395998 0.362627
2 0.761037 0.59929 0.395058 0.322076
0 0.201648 0.547349 0.0524401 0.272444
0 0.0416691 0.552561 0.0576454 0.274961
0 0.146259 0.572078 0.0492445 0.263695
0 0.104298 0.564871 0.0416205 0.279894
0 0.277854 0.580135 0.0550918 0.211005
0 0.31535 0.517964 0.0414672 0.204693
0 0.361733 0.504665 0.0585794 0.137343
2 0.540859 0.524356 0.0779407 0.0635006
2 0.426752 0.708099 0.395998 0.362627
2 0.761037 0.59929 0.395058 0.322076
0 0.201648 0.547349 0.0524401 0.272444
0 0.0416691 0.552561 0.0576454 0.274961
0 0.146259 0.572078 0.0492445 0.263695
0 0.104298 0.564871 0.0416205 0.279894
0 0.277854 0.580135 0.0550918 0.211005
0 0.31535 0.517964 0.0414672 0.204693
0 0.361733 0.504665 0.0585794 0.137343
2 0.540859 0.524356 0.0779407 0.0635006
