5 0.318882 0.481891 0.45569 0.469952
2 0.639028 0.262305 0.104303 0.129352
0 0.678326 0.557345 0.0434172 0.218014
2 0.693084 0.299746 0.104735 0.136293
5 0.87512 0.196912 0.12424 0.196909
5 0.943961 0.146961 0.111181 0.185203
0 0.333015 0.877811 0.0592056 0.220418
0 0.533332 0.65204 0.0515709 0.243014
0 0.409026 0.908741 0.0657391 0.181232
5 0.318882 0.481891 0.45569 0.469952
2 0.639028 0.262305 0.104303 0.129352
0 0.678326 0.557345 0.0434172 0.218014
2 0.693084 0.299746 0.104735 0.136293
5 0.87512 0.196912 0.12424 0.196909
5 0.943961 0.146961 0.111181 0.185203
0 0.333015 0.877811 0.0592056 0.220418
0 0.533332 0.65204 0.0515709 0.243014
0 0.409026 0.908741 0.0657391 0.181232
