0 0.0745377 0.685838 0.116972 0.625142
0 0.215273 0.749178 0.107715 0.499259
0 0.317524 0.858287 0.129078 0.277142
0 0.466148 0.852583 0.195935 0.287878
2 0.208617 0.351757 0.0411718 0.0570977
2 0.32365 0.462172 0.105784 0.206189
0 0.18381 0.585818 0.0437898 0.238549
5 0.28547 0.325228 0.0998391 0.128075
7 0.695535 0.489921 0.602838 0.979842
0 0.0488133 0.80985 0.0969857 0.371416
5 0.274072 0.318139 0.0766386 0.113102
2 0.270757 0.366555 0.0438269 0.061741
0 0.0745377 0.685838 0.116972 0.625142
0 0.215273 0.749178 0.107715 0.499259
0 0.317524 0.858287 0.129078 0.277142
0 0.466148 0.852583 0.195935 0.287878
2 0.208617 0.351757 0.0411718 0.0570977
2 0.32365 0.462172 0.105784 0.206189
0 0.18381 0.585818 0.0437898 0.238549
5 0.28547 0.325228 0.0998391 0.128075
7 0.695535 0.489921 0.602838 0.979842
0 0.0488133 0.80985 0.0969857 0.371416
5 0.274072 0.318139 0.0766386 0.113102
2 0.270757 0.366555 0.0438269 0.061741
