0 0.189422 0.469437 0.0812702 0.336867
0 0.866654 0.419328 0.0499138 0.262889
0 0.954868 0.401158 0.0561756 0.212744
2 0.496787 0.315321 0.106745 0.0648048
0 0.0620336 0.365393 0.0447366 0.270502
2 0.322925 0.484065 0.194547 0.361282
5 0.272634 0.297694 0.217399 0.354287
0 0.789761 0.386458 0.046065 0.218499
0 0.988043 0.361408 0.0234192 0.172976
0 0.90625 0.39906 0.0345818 0.208948
7 0.573482 0.636172 0.426623 0.635047
0 0.834973 0.407259 0.043165 0.224987
0 0.712858 0.322476 0.0310983 0.166633
0 0.0419956 0.358781 0.0281752 0.262212
0 0.683368 0.321909 0.0298616 0.124668
