0 0.49197 0.723853 0.214279 0.541576
0 0.859554 0.79347 0.23485 0.401296
0 0.732262 0.752878 0.147175 0.490392
0 0.841013 0.345324 0.0550636 0.320797
2 0.357283 0.578194 0.710543 0.817193
0 0.736621 0.593852 0.157359 0.527169
0 0.245401 0.94609 0.171428 0.104246
0 0.775439 0.351 0.04662 0.296078
0 0.974683 0.646814 0.0498276 0.691188
0 0.49197 0.723853 0.214279 0.541576
0 0.859554 0.79347 0.23485 0.401296
0 0.732262 0.752878 0.147175 0.490392
0 0.841013 0.345324 0.0550636 0.320797
2 0.357283 0.578194 0.710543 0.817193
0 0.736621 0.593852 0.157359 0.527169
0 0.245401 0.94609 0.171428 0.104246
0 0.775439 0.351 0.04662 0.296078
0 0.974683 0.646814 0.0498276 0.691188
