2 0.260762 0.64836 0.520712 0.380123
2 0.869332 0.639675 0.260431 0.389688
0 0.541902 0.520172 0.0453706 0.214832
2 0.553391 0.492648 0.268645 0.185093
0 0.134839 0.434478 0.054358 0.166183
0 0.367761 0.421435 0.0581108 0.120395
0 0.809843 0.429146 0.0341034 0.130045
0 0.88928 0.419473 0.029771 0.0686344
0 0.207383 0.407874 0.0522173 0.126037
0 0.321911 0.401173 0.039275 0.128946
0 0.0928988 0.446317 0.0408971 0.188805
0 0.0286295 0.49469 0.055535 0.19518
2 0.95552 0.405875 0.0885517 0.0872697
9 0.708058 0.190238 0.0492197 0.167119
0 0.770537 0.448988 0.0319276 0.145351
