0 0.846442 0.656871 0.305618 0.665971
0 0.163186 0.578632 0.125447 0.655967
2 0.0491976 0.541282 0.0972889 0.33817
2 0.0332177 0.31836 0.0660907 0.193676
5 0.226799 0.199207 0.27182 0.370343
0 0.484952 0.484925 0.135416 0.51985
2 0.0360411 0.216556 0.0720821 0.118156
0 0.627195 0.438746 0.225851 0.519199
5 0.709128 0.425056 0.578368 0.847341
0 0.846442 0.656871 0.305618 0.665971
0 0.163186 0.578632 0.125447 0.655967
2 0.0491976 0.541282 0.0972889 0.33817
2 0.0332177 0.31836 0.0660907 0.193676
5 0.226799 0.199207 0.27182 0.370343
0 0.484952 0.484925 0.135416 0.51985
2 0.0360411 0.216556 0.0720821 0.118156
0 0.627195 0.438746 0.225851 0.519199
5 0.709128 0.425056 0.578368 0.847341
