2 0.304588 0.405596 0.166948 0.257053
2 0.0400212 0.33084 0.0800424 0.111162
5 0.404067 0.287407 0.204164 0.289788
5 0.774664 0.587079 0.44862 0.520224
0 0.198501 0.882689 0.170994 0.233143
0 0.164343 0.740707 0.0848971 0.230513
0 0.174471 0.611918 0.0865856 0.285747
2 0.228999 0.322078 0.0578215 0.12566
2 0.0665472 0.285629 0.0630648 0.0820703
5 0.212475 0.235583 0.0877708 0.158632
9 0.118057 0.138752 0.0159789 0.0842831
2 0.304588 0.405596 0.166948 0.257053
2 0.0400212 0.33084 0.0800424 0.111162
5 0.404067 0.287407 0.204164 0.289788
5 0.774664 0.587079 0.44862 0.520224
0 0.198501 0.882689 0.170994 0.233143
0 0.164343 0.740707 0.0848971 0.230513
0 0.174471 0.611918 0.0865856 0.285747
2 0.228999 0.322078 0.0578215 0.12566
2 0.0665472 0.285629 0.0630648 0.0820703
5 0.212475 0.235583 0.0877708 0.158632
9 0.118057 0.138752 0.0159789 0.0842831
