0 0.436642 0.426746 0.154596 0.604135
0 0.699733 0.41602 0.178107 0.67553
0 0.271127 0.493087 0.226933 0.698868
1 0.747551 0.605941 0.268561 0.454841
0 0.941376 0.278009 0.0786327 0.380529
1 0.423434 0.698796 0.109543 0.563433
2 0.511908 0.32062 0.239134 0.49314
0 0.977702 0.265139 0.0442612 0.369237
1 0.871486 0.337376 0.0649212 0.267867
0 0.854061 0.19354 0.0915232 0.275829
0 0.59214 0.194908 0.0494625 0.230377
0 0.436642 0.426746 0.154596 0.604135
0 0.699733 0.41602 0.178107 0.67553
0 0.271127 0.493087 0.226933 0.698868
1 0.747551 0.605941 0.268561 0.454841
0 0.941376 0.278009 0.0786327 0.380529
1 0.423434 0.698796 0.109543 0.563433
2 0.511908 0.32062 0.239134 0.49314
0 0.977702 0.265139 0.0442612 0.369237
1 0.871486 0.337376 0.0649212 0.267867
0 0.854061 0.19354 0.0915232 0.275829
0 0.59214 0.194908 0.0494625 0.230377
