0 0.905429 0.467074 0.123038 0.337701
0 0.680392 0.478861 0.100224 0.439209
0 0.467086 0.520145 0.0652657 0.431927
1 0.237854 0.667104 0.34145 0.378154
0 0.249744 0.505018 0.10561 0.283717
0 0.335607 0.48843 0.0814746 0.319548
0 0.981621 0.275553 0.0354427 0.204871
0 0.495572 0.403755 0.0436768 0.228662
0 0.583238 0.381491 0.045468 0.225125
2 0.582034 0.26138 0.128454 0.155657
5 0.883882 0.149522 0.204287 0.153601
0 0.385388 0.440752 0.0592854 0.295575
2 0.807699 0.325635 0.131792 0.203256
2 0.506435 0.26668 0.0344198 0.0775314
