0 0.777319 0.707239 0.203075 0.575215
2 0.257785 0.50865 0.34367 0.266508
0 0.575034 0.802854 0.178925 0.384778
3 0.148676 0.663332 0.232545 0.249748
0 0.172359 0.575136 0.0714175 0.296155
0 0.21908 0.554756 0.0653162 0.247586
1 0.536799 0.849792 0.326594 0.293027
0 0.660988 0.56852 0.0643906 0.317663
1 0.432846 0.727055 0.132981 0.281586
0 0.447343 0.553442 0.0692746 0.313468
1 0.654206 0.677292 0.0860624 0.20278
0 0.527276 0.539601 0.0707544 0.207362
9 0.364011 0.244878 0.0277473 0.138365
9 0.395772 0.23757 0.0262362 0.175971
0 0.499303 0.533727 0.0485402 0.220992
3 0.0167013 0.783848 0.0329974 0.195505
2 0.604502 0.488467 0.0651645 0.128371
0 0.777319 0.707239 0.203075 0.575215
2 0.257785 0.50865 0.34367 0.266508
0 0.575034 0.802854 0.178925 0.384778
3 0.148676 0.663332 0.232545 0.249748
0 0.172359 0.575136 0.0714175 0.296155
0 0.21908 0.554756 0.0653162 0.247586
1 0.536799 0.849792 0.326594 0.293027
0 0.660988 0.56852 0.0643906 0.317663
1 0.432846 0.727055 0.132981 0.281586
0 0.447343 0.553442 0.0692746 0.313468
1 0.654206 0.677292 0.0860624 0.20278
0 0.527276 0.539601 0.0707544 0.207362
9 0.364011 0.244878 0.0277473 0.138365
9 0.395772 0.23757 0.0262362 0.175971
0 0.499303 0.533727 0.0485402 0.220992
3 0.0167013 0.783848 0.0329974 0.195505
2 0.604502 0.488467 0.0651645 0.128371
