5 0.808301 0.517913 0.380955 0.731614
2 0.283122 0.451673 0.105267 0.148856
0 0.217438 0.726949 0.0929608 0.480008
0 0.461942 0.73115 0.104404 0.532978
5 0.413309 0.37258 0.184743 0.227437
2 0.0433568 0.501098 0.0860843 0.238829
2 0.104161 0.403717 0.0512939 0.0985285
0 0.772525 0.75589 0.0946083 0.48822
1 0.53008 0.659228 0.053392 0.232941
2 0.126603 0.368511 0.04588 0.0776127
0 0.940663 0.848748 0.117657 0.296484
0 0.563024 0.414649 0.0201017 0.118582
5 0.808301 0.517913 0.380955 0.731614
2 0.283122 0.451673 0.105267 0.148856
0 0.217438 0.726949 0.0929608 0.480008
0 0.461942 0.73115 0.104404 0.532978
5 0.413309 0.37258 0.184743 0.227437
2 0.0433568 0.501098 0.0860843 0.238829
2 0.104161 0.403717 0.0512939 0.0985285
0 0.772525 0.75589 0.0946083 0.48822
1 0.53008 0.659228 0.053392 0.232941
2 0.126603 0.368511 0.04588 0.0776127
0 0.940663 0.848748 0.117657 0.296484
0 0.563024 0.414649 0.0201017 0.118582
