5 0.302704 0.590685 0.403683 0.471683
0 0.618045 0.783478 0.0947733 0.256132
0 0.949863 0.911289 0.0702028 0.172631
0 0.0547831 0.789243 0.0596905 0.290926
2 0.0244352 0.623949 0.0485361 0.15701
0 0.795705 0.467324 0.0256891 0.109416
0 0.847737 0.966426 0.0422791 0.0657115
2 0.0197245 0.499201 0.0393154 0.107782
0 0.0582212 0.485831 0.0283789 0.129041
0 0.595008 0.442993 0.0220379 0.102523
0 0.533457 0.423556 0.0209153 0.0944969
2 0.0471627 0.303056 0.071195 0.0461073
2 0.100159 0.504325 0.0275492 0.0888375
0 0.902911 0.492744 0.0278294 0.062826
