2 0.842405 0.392287 0.314266 0.281063
2 0.112807 0.425341 0.224691 0.288339
2 0.60049 0.611294 0.79902 0.753944
2 0.0391597 0.559827 0.0773898 0.259599
2 0.657797 0.194894 0.110217 0.0885639
2 0.838052 0.231578 0.224479 0.0967157
0 0.132086 0.236553 0.0283394 0.0855022
0 0.628083 0.224293 0.0320963 0.114111
2 0.747872 0.186997 0.107763 0.0890928
2 0.362025 0.21955 0.0834992 0.0696989
2 0.842405 0.392287 0.314266 0.281063
2 0.112807 0.425341 0.224691 0.288339
2 0.60049 0.611294 0.79902 0.753944
2 0.0391597 0.559827 0.0773898 0.259599
2 0.657797 0.194894 0.110217 0.0885639
2 0.838052 0.231578 0.224479 0.0967157
0 0.132086 0.236553 0.0283394 0.0855022
0 0.628083 0.224293 0.0320963 0.114111
2 0.747872 0.186997 0.107763 0.0890928
2 0.362025 0.21955 0.0834992 0.0696989
