2 0.0769209 0.522823 0.153524 0.203368
2 0.544434 0.454351 0.108046 0.163727
2 0.421739 0.385887 0.125982 0.138346
5 0.666342 0.306312 0.164801 0.204905
5 0.465554 0.219709 0.138998 0.139662
0 0.265714 0.878386 0.0535631 0.240128
0 0.318038 0.81791 0.0487803 0.145156
3 0.0247648 0.693667 0.0494319 0.146326
0 0.0161208 0.637683 0.0319691 0.178562
0 0.167168 0.625156 0.0660105 0.197485
1 0.164573 0.689606 0.0862635 0.131535
3 0.130843 0.861121 0.164791 0.270435
0 0.617539 0.901357 0.0475972 0.197286
5 0.547178 0.298318 0.101964 0.129348
0 0.38545 0.826554 0.0485027 0.120837
0 0.223771 0.947688 0.0582425 0.102544
0 0.538959 0.551403 0.0361745 0.185518
0 0.104505 0.877682 0.0660018 0.227877
0 0.310393 0.918208 0.0644888 0.162904
0 0.330219 0.579947 0.0395144 0.161437
2 0.0769209 0.522823 0.153524 0.203368
2 0.544434 0.454351 0.108046 0.163727
2 0.421739 0.385887 0.125982 0.138346
5 0.666342 0.306312 0.164801 0.204905
5 0.465554 0.219709 0.138998 0.139662
0 0.265714 0.878386 0.0535631 0.240128
0 0.318038 0.81791 0.0487803 0.145156
3 0.0247648 0.693667 0.0494319 0.146326
0 0.0161208 0.637683 0.0319691 0.178562
0 0.167168 0.625156 0.0660105 0.197485
1 0.164573 0.689606 0.0862635 0.131535
3 0.130843 0.861121 0.164791 0.270435
0 0.617539 0.901357 0.0475972 0.197286
5 0.547178 0.298318 0.101964 0.129348
0 0.38545 0.826554 0.0485027 0.120837
0 0.223771 0.947688 0.0582425 0.102544
0 0.538959 0.551403 0.0361745 0.185518
0 0.104505 0.877682 0.0660018 0.227877
0 0.310393 0.918208 0.0644888 0.162904
0 0.330219 0.579947 0.0395144 0.161437
