5 0.181936 0.346768 0.361264 0.680104
0 0.899878 0.802956 0.158284 0.391339
0 0.376642 0.757268 0.100095 0.474794
2 0.507537 0.458901 0.264813 0.217911
0 0.435481 0.630283 0.0815342 0.381057
0 0.140306 0.579107 0.0690867 0.336084
0 0.955257 0.689416 0.0890692 0.331447
0 0.843254 0.558928 0.0474314 0.244011
0 0.987246 0.826352 0.0249857 0.342916
0 0.693961 0.508317 0.0472282 0.193428
0 0.692652 0.802418 0.15409 0.389361
0 0.620647 0.482348 0.0462471 0.19189
0 0.229249 0.532132 0.0912632 0.196152
5 0.913166 0.390765 0.0925186 0.128377
0 0.221215 0.713376 0.293875 0.557285
5 0.835219 0.371988 0.0670139 0.125178
5 0.181936 0.346768 0.361264 0.680104
0 0.899878 0.802956 0.158284 0.391339
0 0.376642 0.757268 0.100095 0.474794
2 0.507537 0.458901 0.264813 0.217911
0 0.435481 0.630283 0.0815342 0.381057
0 0.140306 0.579107 0.0690867 0.336084
0 0.955257 0.689416 0.0890692 0.331447
0 0.843254 0.558928 0.0474314 0.244011
0 0.987246 0.826352 0.0249857 0.342916
0 0.693961 0.508317 0.0472282 0.193428
0 0.692652 0.802418 0.15409 0.389361
0 0.620647 0.482348 0.0462471 0.19189
0 0.229249 0.532132 0.0912632 0.196152
5 0.913166 0.390765 0.0925186 0.128377
0 0.221215 0.713376 0.293875 0.557285
5 0.835219 0.371988 0.0670139 0.125178
