5 0.158707 0.591021 0.31647 0.544986
2 0.668193 0.353108 0.102373 0.162709
5 0.460344 0.157569 0.242175 0.18177
2 0.382847 0.387226 0.157378 0.174268
2 0.526417 0.297994 0.140336 0.140646
0 0.667884 0.519032 0.0424347 0.200182
0 0.718411 0.512364 0.0405338 0.209365
2 0.557189 0.449124 0.140732 0.195232
5 0.864895 0.179791 0.129523 0.179888
0 0.217442 0.916921 0.0497859 0.165047
5 0.158707 0.591021 0.31647 0.544986
2 0.668193 0.353108 0.102373 0.162709
5 0.460344 0.157569 0.242175 0.18177
2 0.382847 0.387226 0.157378 0.174268
2 0.526417 0.297994 0.140336 0.140646
0 0.667884 0.519032 0.0424347 0.200182
0 0.718411 0.512364 0.0405338 0.209365
2 0.557189 0.449124 0.140732 0.195232
5 0.864895 0.179791 0.129523 0.179888
0 0.217442 0.916921 0.0497859 0.165047
