0 0.702085 0.704594 0.353035 0.578857
0 0.327925 0.651038 0.483959 0.679104
0 0.163298 0.503919 0.148522 0.654025
0 0.499883 0.657536 0.189417 0.510698
0 0.84011 0.394633 0.0821568 0.477938
0 0.694438 0.284987 0.053052 0.228255
0 0.317082 0.28092 0.10418 0.154423
0 0.702085 0.704594 0.353035 0.578857
0 0.327925 0.651038 0.483959 0.679104
0 0.163298 0.503919 0.148522 0.654025
0 0.499883 0.657536 0.189417 0.510698
0 0.84011 0.394633 0.0821568 0.477938
0 0.694438 0.284987 0.053052 0.228255
0 0.317082 0.28092 0.10418 0.154423
