5 0.439658 0.3996 0.276434 0.294381
2 0.139007 0.494568 0.252218 0.261587
2 0.509714 0.533243 0.144344 0.183543
0 0.339298 0.722424 0.0553222 0.244738
5 0.217642 0.221855 0.134177 0.108424
2 0.597791 0.333382 0.0523287 0.110474
0 0.978795 0.896699 0.0416279 0.204613
0 0.905445 0.554688 0.0350128 0.171191
0 0.313281 0.921763 0.056885 0.156475
0 0.120261 0.860538 0.0488033 0.187338
0 0.22418 0.950925 0.0532002 0.096973
0 0.454736 0.758309 0.0587341 0.18351
0 0.0836959 0.940145 0.0629261 0.118925
0 0.385765 0.836656 0.0505913 0.120055
1 0.329751 0.805467 0.0582098 0.172676
5 0.439658 0.3996 0.276434 0.294381
2 0.139007 0.494568 0.252218 0.261587
2 0.509714 0.533243 0.144344 0.183543
0 0.339298 0.722424 0.0553222 0.244738
5 0.217642 0.221855 0.134177 0.108424
2 0.597791 0.333382 0.0523287 0.110474
0 0.978795 0.896699 0.0416279 0.204613
0 0.905445 0.554688 0.0350128 0.171191
0 0.313281 0.921763 0.056885 0.156475
0 0.120261 0.860538 0.0488033 0.187338
0 0.22418 0.950925 0.0532002 0.096973
0 0.454736 0.758309 0.0587341 0.18351
0 0.0836959 0.940145 0.0629261 0.118925
0 0.385765 0.836656 0.0505913 0.120055
1 0.329751 0.805467 0.0582098 0.172676
