2 0.206252 0.60045 0.411642 0.580919
2 0.761035 0.644616 0.475906 0.691369
2 0.536499 0.391832 0.22498 0.225057
2 0.347104 0.433895 0.281149 0.277969
2 0.570434 0.245761 0.0861399 0.0839504
2 0.40807 0.25288 0.0817719 0.132241
2 0.497785 0.261187 0.110368 0.0996049
2 0.937656 0.289235 0.123644 0.119954
2 0.63657 0.249587 0.0777618 0.0818897
2 0.251505 0.271926 0.206704 0.108521
2 0.812262 0.232503 0.119003 0.0905677
0 0.11698 0.246431 0.0223755 0.105399
2 0.206252 0.60045 0.411642 0.580919
2 0.761035 0.644616 0.475906 0.691369
2 0.536499 0.391832 0.22498 0.225057
2 0.347104 0.433895 0.281149 0.277969
2 0.570434 0.245761 0.0861399 0.0839504
2 0.40807 0.25288 0.0817719 0.132241
2 0.497785 0.261187 0.110368 0.0996049
2 0.937656 0.289235 0.123644 0.119954
2 0.63657 0.249587 0.0777618 0.0818897
2 0.251505 0.271926 0.206704 0.108521
2 0.812262 0.232503 0.119003 0.0905677
0 0.11698 0.246431 0.0223755 0.105399
