2 0.0829543 0.516362 0.165909 0.185109
2 0.256659 0.445176 0.19631 0.166714
2 0.375079 0.480099 0.191657 0.182896
5 0.409805 0.227696 0.157426 0.169321
0 0.337169 0.749882 0.0563715 0.22811
2 0.424755 0.358335 0.132866 0.128601
0 0.393903 0.733854 0.0449227 0.228313
0 0.153277 0.720187 0.0691596 0.226545
9 0.0184248 0.101763 0.0182697 0.106352
2 0.0175841 0.59255 0.034862 0.16937
5 0.790079 0.265387 0.119342 0.162333
3 0.426298 0.525788 0.069079 0.143412
0 0.696587 0.469375 0.0357769 0.152415
0 0.626986 0.519731 0.0547104 0.182081
2 0.635431 0.282622 0.0817714 0.0902953
