2 0.616363 0.467098 0.335445 0.327754
2 0.528734 0.71639 0.609467 0.552004
2 0.747147 0.414331 0.259734 0.260403
2 0.363844 0.369139 0.168255 0.229299
2 0.269437 0.348608 0.0957701 0.210258
0 0.744869 0.260059 0.0449516 0.096737
0 0.0904528 0.419928 0.0583664 0.3944
2 0.0200768 0.313373 0.0400228 0.144109
2 0.424129 0.30348 0.0892656 0.125244
0 0.596423 0.382303 0.0483287 0.191535
0 0.128016 0.358517 0.0650192 0.272328
0 0.611808 0.269917 0.0254784 0.0772665
2 0.517467 0.288553 0.107636 0.122437
2 0.616363 0.467098 0.335445 0.327754
2 0.528734 0.71639 0.609467 0.552004
2 0.747147 0.414331 0.259734 0.260403
2 0.363844 0.369139 0.168255 0.229299
2 0.269437 0.348608 0.0957701 0.210258
0 0.744869 0.260059 0.0449516 0.096737
0 0.0904528 0.419928 0.0583664 0.3944
2 0.0200768 0.313373 0.0400228 0.144109
2 0.424129 0.30348 0.0892656 0.125244
0 0.596423 0.382303 0.0483287 0.191535
0 0.128016 0.358517 0.0650192 0.272328
0 0.611808 0.269917 0.0254784 0.0772665
2 0.517467 0.288553 0.107636 0.122437
