0 0.882975 0.760813 0.234051 0.461803
0 0.443852 0.714992 0.158245 0.495796
3 0.863779 0.576873 0.272441 0.255026
0 0.919829 0.477711 0.147299 0.429197
0 0.64578 0.336755 0.0408134 0.28649
2 0.247234 0.225909 0.154721 0.142278
0 0.69869 0.296412 0.0445127 0.258283
0 0.0425598 0.297998 0.0522986 0.173015
0 0.890003 0.247796 0.0611633 0.214181
0 0.322401 0.481395 0.101294 0.219608
0 0.485389 0.388866 0.0483706 0.213979
3 0.0440787 0.339629 0.0597365 0.128641
0 0.433152 0.365521 0.0565198 0.237703
0 0.882975 0.760813 0.234051 0.461803
0 0.443852 0.714992 0.158245 0.495796
3 0.863779 0.576873 0.272441 0.255026
0 0.919829 0.477711 0.147299 0.429197
0 0.64578 0.336755 0.0408134 0.28649
2 0.247234 0.225909 0.154721 0.142278
0 0.69869 0.296412 0.0445127 0.258283
0 0.0425598 0.297998 0.0522986 0.173015
0 0.890003 0.247796 0.0611633 0.214181
0 0.322401 0.481395 0.101294 0.219608
0 0.485389 0.388866 0.0483706 0.213979
3 0.0440787 0.339629 0.0597365 0.128641
0 0.433152 0.365521 0.0565198 0.237703
