2 0.60207 0.586888 0.393136 0.282442
2 0.189851 0.648294 0.378554 0.352269
3 0.92087 0.591378 0.146967 0.187676
0 0.0407908 0.420797 0.0486911 0.124595
0 0.360366 0.525434 0.0571124 0.296111
0 0.314003 0.457047 0.0434517 0.204321
0 0.128781 0.417836 0.044999 0.108974
2 0.794525 0.525423 0.216347 0.195114
0 0.198083 0.422275 0.0507091 0.124605
2 0.840152 0.524915 0.305837 0.189786
0 0.257754 0.413038 0.0397482 0.148974
0 0.912587 0.527393 0.057021 0.211167
0 0.532714 0.412681 0.0253599 0.0730723
2 0.60207 0.586888 0.393136 0.282442
2 0.189851 0.648294 0.378554 0.352269
3 0.92087 0.591378 0.146967 0.187676
0 0.0407908 0.420797 0.0486911 0.124595
0 0.360366 0.525434 0.0571124 0.296111
0 0.314003 0.457047 0.0434517 0.204321
0 0.128781 0.417836 0.044999 0.108974
2 0.794525 0.525423 0.216347 0.195114
0 0.198083 0.422275 0.0507091 0.124605
2 0.840152 0.524915 0.305837 0.189786
0 0.257754 0.413038 0.0397482 0.148974
0 0.912587 0.527393 0.057021 0.211167
0 0.532714 0.412681 0.0253599 0.0730723
