2 0.377041 0.458059 0.188137 0.218234
2 0.216379 0.38453 0.0932584 0.129589
2 0.409573 0.375221 0.127621 0.138449
2 0.298245 0.343162 0.0624324 0.0797979
2 0.947583 0.371833 0.10399 0.100019
2 0.0907504 0.330549 0.0599447 0.076471
2 0.876169 0.364724 0.107659 0.0966709
7 0.774386 0.672315 0.449891 0.623813
2 0.563867 0.446383 0.123102 0.171454
2 0.775157 0.672903 0.448364 0.626285
2 0.326242 0.312087 0.0419539 0.0712873
2 0.267495 0.312148 0.0331863 0.0712593
2 0.202275 0.324975 0.0615032 0.0854311
0 0.444649 0.317968 0.0195989 0.0773735
2 0.377041 0.458059 0.188137 0.218234
2 0.216379 0.38453 0.0932584 0.129589
2 0.409573 0.375221 0.127621 0.138449
2 0.298245 0.343162 0.0624324 0.0797979
2 0.947583 0.371833 0.10399 0.100019
2 0.0907504 0.330549 0.0599447 0.076471
2 0.876169 0.364724 0.107659 0.0966709
7 0.774386 0.672315 0.449891 0.623813
2 0.563867 0.446383 0.123102 0.171454
2 0.775157 0.672903 0.448364 0.626285
2 0.326242 0.312087 0.0419539 0.0712873
2 0.267495 0.312148 0.0331863 0.0712593
2 0.202275 0.324975 0.0615032 0.0854311
0 0.444649 0.317968 0.0195989 0.0773735
