0 0.922023 0.45151 0.127498 0.473212
0 0.536405 0.226927 0.0564648 0.187206
0 0.328073 0.300593 0.0521346 0.274289
0 0.284577 0.281343 0.0386261 0.289522
0 0.611998 0.226742 0.0387309 0.155217
3 0.0472896 0.584133 0.0941406 0.266815
0 0.220143 0.275356 0.0520822 0.26273
0 0.170479 0.46378 0.132339 0.36162
0 0.191506 0.289234 0.0479532 0.267056
7 0.555563 0.555914 0.59265 0.568461
0 0.644881 0.223631 0.0344025 0.173284
0 0.955997 0.547765 0.0873205 0.424589
0 0.578249 0.233934 0.0369646 0.150471
0 0.854239 0.341241 0.0706806 0.203845
0 0.922023 0.45151 0.127498 0.473212
0 0.536405 0.226927 0.0564648 0.187206
0 0.328073 0.300593 0.0521346 0.274289
0 0.284577 0.281343 0.0386261 0.289522
0 0.611998 0.226742 0.0387309 0.155217
3 0.0472896 0.584133 0.0941406 0.266815
0 0.220143 0.275356 0.0520822 0.26273
0 0.170479 0.46378 0.132339 0.36162
0 0.191506 0.289234 0.0479532 0.267056
7 0.555563 0.555914 0.59265 0.568461
0 0.644881 0.223631 0.0344025 0.173284
0 0.955997 0.547765 0.0873205 0.424589
0 0.578249 0.233934 0.0369646 0.150471
0 0.854239 0.341241 0.0706806 0.203845
