0 0.86723 0.82889 0.179756 0.335099
2 0.422911 0.602129 0.0999067 0.19493
0 0.503524 0.701612 0.0917801 0.483874
0 0.824627 0.656629 0.0665819 0.254119
0 0.111798 0.240995 0.0828239 0.188803
1 0.766949 0.937323 0.139506 0.124608
0 0.673958 0.580016 0.0413511 0.187634
1 0.535549 0.82832 0.283253 0.332489
7 0.193398 0.485656 0.385562 0.964864
0 0.603714 0.684435 0.0717831 0.378447
5 0.193117 0.491796 0.384941 0.977651
1 0.756042 0.682515 0.0458761 0.163192
7 0.805883 0.507316 0.124345 0.149744
0 0.760843 0.5977 0.0445977 0.21463
0 0.86723 0.82889 0.179756 0.335099
2 0.422911 0.602129 0.0999067 0.19493
0 0.503524 0.701612 0.0917801 0.483874
0 0.824627 0.656629 0.0665819 0.254119
0 0.111798 0.240995 0.0828239 0.188803
1 0.766949 0.937323 0.139506 0.124608
0 0.673958 0.580016 0.0413511 0.187634
1 0.535549 0.82832 0.283253 0.332489
7 0.193398 0.485656 0.385562 0.964864
0 0.603714 0.684435 0.0717831 0.378447
5 0.193117 0.491796 0.384941 0.977651
1 0.756042 0.682515 0.0458761 0.163192
7 0.805883 0.507316 0.124345 0.149744
0 0.760843 0.5977 0.0445977 0.21463
