0 0.897282 0.80464 0.160143 0.388384
0 0.0829186 0.820113 0.164796 0.356725
2 0.543207 0.456542 0.250652 0.216025
0 0.555898 0.560777 0.0698503 0.303642
0 0.952112 0.677639 0.0939629 0.305908
5 0.207745 0.337615 0.413019 0.663146
0 0.618207 0.831494 0.150989 0.329959
0 0.332244 0.711083 0.252743 0.510156
0 0.829354 0.575865 0.0527073 0.246344
0 0.279643 0.529874 0.0488866 0.290434
0 0.0579914 0.550953 0.0720382 0.225969
0 0.892188 0.50465 0.0460918 0.232868
0 0.723502 0.476899 0.0456762 0.190617
0 0.864111 0.519496 0.0404881 0.209298
0 0.183184 0.672079 0.126852 0.387224
0 0.700693 0.913995 0.108132 0.172011
0 0.143579 0.607737 0.0656819 0.209218
0 0.510163 0.667682 0.114062 0.300988
0 0.897282 0.80464 0.160143 0.388384
0 0.0829186 0.820113 0.164796 0.356725
2 0.543207 0.456542 0.250652 0.216025
0 0.555898 0.560777 0.0698503 0.303642
0 0.952112 0.677639 0.0939629 0.305908
5 0.207745 0.337615 0.413019 0.663146
0 0.618207 0.831494 0.150989 0.329959
0 0.332244 0.711083 0.252743 0.510156
0 0.829354 0.575865 0.0527073 0.246344
0 0.279643 0.529874 0.0488866 0.290434
0 0.0579914 0.550953 0.0720382 0.225969
0 0.892188 0.50465 0.0460918 0.232868
0 0.723502 0.476899 0.0456762 0.190617
0 0.864111 0.519496 0.0404881 0.209298
0 0.183184 0.672079 0.126852 0.387224
0 0.700693 0.913995 0.108132 0.172011
0 0.143579 0.607737 0.0656819 0.209218
0 0.510163 0.667682 0.114062 0.300988
