2 0.653732 0.747271 0.685697 0.478878
2 0.412394 0.466897 0.211282 0.199633
2 0.554679 0.453327 0.2165 0.187858
2 0.138324 0.400564 0.0896717 0.162675
2 0.109106 0.338636 0.061429 0.0828214
5 0.242858 0.482577 0.141612 0.296419
0 0.637553 0.394801 0.0365335 0.122477
2 0.205729 0.328456 0.0605052 0.0466926
2 0.653732 0.747271 0.685697 0.478878
2 0.412394 0.466897 0.211282 0.199633
2 0.554679 0.453327 0.2165 0.187858
2 0.138324 0.400564 0.0896717 0.162675
2 0.109106 0.338636 0.061429 0.0828214
5 0.242858 0.482577 0.141612 0.296419
0 0.637553 0.394801 0.0365335 0.122477
2 0.205729 0.328456 0.0605052 0.0466926
