2 0.110892 0.733984 0.220852 0.487451
0 0.486004 0.787156 0.195725 0.417652
2 0.584885 0.53764 0.196554 0.218443
0 0.730617 0.867596 0.175602 0.257103
0 0.879886 0.540863 0.0471546 0.235138
2 0.233172 0.398977 0.120847 0.096227
0 0.960479 0.569534 0.0577366 0.281548
2 0.922981 0.458074 0.0787224 0.109941
2 0.763706 0.483228 0.0823608 0.18313
2 0.55559 0.453557 0.138436 0.117028
2 0.97889 0.438804 0.0416761 0.0851226
0 0.470231 0.40183 0.0296684 0.118768
0 0.0136155 0.43142 0.0270004 0.126196
2 0.370066 0.382688 0.0968681 0.102196
0 0.163005 0.40182 0.0280662 0.110616
0 0.44108 0.389074 0.0195385 0.0856084
0 0.84665 0.480387 0.0384415 0.148645
0 0.0803503 0.388365 0.0170256 0.100472
