5 0.245772 0.513492 0.383687 0.4528
2 0.071655 0.869676 0.14251 0.241691
0 0.497059 0.771496 0.157333 0.456405
0 0.902628 0.799689 0.106329 0.284973
0 0.390108 0.830352 0.078597 0.201071
0 0.801399 0.82895 0.140225 0.334889
0 0.566073 0.76075 0.101212 0.470073
1 0.977521 0.683034 0.0434217 0.115641
2 0.0321115 0.6598 0.0636972 0.193874
0 0.711263 0.825825 0.0629093 0.344413
0 0.413572 0.946554 0.132962 0.106892
0 0.673029 0.519698 0.0264057 0.106754
2 0.489765 0.550249 0.0696878 0.092446
7 0.672523 0.46992 0.0876862 0.101959
25 0.832972 0.421865 0.0631754 0.0457492
0 0.974838 0.916248 0.0496616 0.153424
0 0.847155 0.563806 0.0355165 0.173
9 0.56025 0.325936 0.0188892 0.0562998
0 0.418852 0.780191 0.0533015 0.195234
0 0.985583 0.586163 0.0277519 0.185369
5 0.245772 0.513492 0.383687 0.4528
2 0.071655 0.869676 0.14251 0.241691
0 0.497059 0.771496 0.157333 0.456405
0 0.902628 0.799689 0.106329 0.284973
0 0.390108 0.830352 0.078597 0.201071
0 0.801399 0.82895 0.140225 0.334889
0 0.566073 0.76075 0.101212 0.470073
1 0.977521 0.683034 0.0434217 0.115641
2 0.0321115 0.6598 0.0636972 0.193874
0 0.711263 0.825825 0.0629093 0.344413
0 0.413572 0.946554 0.132962 0.106892
0 0.673029 0.519698 0.0264057 0.106754
2 0.489765 0.550249 0.0696878 0.092446
7 0.672523 0.46992 0.0876862 0.101959
25 0.832972 0.421865 0.0631754 0.0457492
0 0.974838 0.916248 0.0496616 0.153424
0 0.847155 0.563806 0.0355165 0.173
9 0.56025 0.325936 0.0188892 0.0562998
0 0.418852 0.780191 0.0533015 0.195234
0 0.985583 0.586163 0.0277519 0.185369
