0 0.0463187 0.682011 0.0921446 0.625778
0 0.328702 0.719121 0.106184 0.476532
7 0.384169 0.416925 0.287827 0.428705
0 0.947838 0.822477 0.103442 0.34871
0 0.852156 0.59786 0.0712093 0.291767
0 0.731075 0.800492 0.146533 0.396482
1 0.928911 0.583834 0.0928612 0.166791
5 0.557413 0.401058 0.16221 0.323457
0 0.900431 0.502315 0.04009 0.22986
0 0.646632 0.482634 0.0251028 0.175462
5 0.768327 0.363348 0.148312 0.122812
2 0.990487 0.419349 0.0183975 0.0904305
2 0.059593 0.470799 0.053919 0.159183
0 0.0463187 0.682011 0.0921446 0.625778
0 0.328702 0.719121 0.106184 0.476532
7 0.384169 0.416925 0.287827 0.428705
0 0.947838 0.822477 0.103442 0.34871
0 0.852156 0.59786 0.0712093 0.291767
0 0.731075 0.800492 0.146533 0.396482
1 0.928911 0.583834 0.0928612 0.166791
5 0.557413 0.401058 0.16221 0.323457
0 0.900431 0.502315 0.04009 0.22986
0 0.646632 0.482634 0.0251028 0.175462
5 0.768327 0.363348 0.148312 0.122812
2 0.990487 0.419349 0.0183975 0.0904305
2 0.059593 0.470799 0.053919 0.159183
