0 0.72078 0.545342 0.151973 0.585006
0 0.670569 0.400689 0.0788926 0.308006
0 0.0795369 0.763205 0.141422 0.466191
1 0.604836 0.561923 0.20818 0.26599
0 0.925384 0.476515 0.0810245 0.492165
0 0.177592 0.569368 0.148597 0.47928
1 0.234957 0.656561 0.289702 0.336835
0 0.398489 0.31353 0.0430428 0.206799
0 0.455583 0.330877 0.0408846 0.229035
0 0.180644 0.338149 0.0437071 0.230103
0 0.232834 0.413046 0.0840061 0.262354
1 0.275199 0.532932 0.140974 0.182383
2 0.087069 0.238151 0.0846791 0.126842
0 0.85731 0.286973 0.0393597 0.264123
