0 0.166882 0.791199 0.142248 0.406579
0 0.154655 0.595849 0.0802892 0.188698
5 0.523949 0.531623 0.948707 0.902143
0 0.383336 0.0884191 0.0823274 0.176838
0 0.856054 0.666588 0.0886353 0.189567
0 0.212745 0.566849 0.0563418 0.175488
0 0.755429 0.669906 0.050359 0.11849
0 0.166882 0.791199 0.142248 0.406579
0 0.154655 0.595849 0.0802892 0.188698
5 0.523949 0.531623 0.948707 0.902143
0 0.383336 0.0884191 0.0823274 0.176838
0 0.856054 0.666588 0.0886353 0.189567
0 0.212745 0.566849 0.0563418 0.175488
0 0.755429 0.669906 0.050359 0.11849
