2 0.906596 0.526236 0.185823 0.366155
2 0.31992 0.423917 0.145426 0.17785
2 0.208629 0.377752 0.0778841 0.117156
2 0.796748 0.37128 0.113241 0.0994865
2 0.7063 0.351862 0.102843 0.130902
2 0.362682 0.372921 0.0968403 0.118019
2 0.38804 0.355812 0.0812653 0.0951727
7 0.630304 0.576727 0.421691 0.488967
0 0.428677 0.336098 0.0209957 0.0982154
2 0.861875 0.351781 0.0751938 0.0694045
0 0.449323 0.332224 0.0227446 0.0896959
2 0.0423266 0.361199 0.0528422 0.0854035
2 0.288063 0.327743 0.0481531 0.0407335
2 0.906596 0.526236 0.185823 0.366155
2 0.31992 0.423917 0.145426 0.17785
2 0.208629 0.377752 0.0778841 0.117156
2 0.796748 0.37128 0.113241 0.0994865
2 0.7063 0.351862 0.102843 0.130902
2 0.362682 0.372921 0.0968403 0.118019
2 0.38804 0.355812 0.0812653 0.0951727
7 0.630304 0.576727 0.421691 0.488967
0 0.428677 0.336098 0.0209957 0.0982154
2 0.861875 0.351781 0.0751938 0.0694045
0 0.449323 0.332224 0.0227446 0.0896959
2 0.0423266 0.361199 0.0528422 0.0854035
2 0.288063 0.327743 0.0481531 0.0407335
