2 0.175185 0.504087 0.307189 0.494721
2 0.385851 0.480115 0.224896 0.304695
0 0.51693 0.713039 0.170632 0.559789
0 0.414396 0.693772 0.0904206 0.508319
3 0.50237 0.812977 0.282244 0.360329
0 0.787624 0.210868 0.0528399 0.174463
0 0.433131 0.321119 0.0375696 0.0965712
2 0.0354069 0.325508 0.0708138 0.146295
2 0.175185 0.504087 0.307189 0.494721
2 0.385851 0.480115 0.224896 0.304695
0 0.51693 0.713039 0.170632 0.559789
0 0.414396 0.693772 0.0904206 0.508319
3 0.50237 0.812977 0.282244 0.360329
0 0.787624 0.210868 0.0528399 0.174463
0 0.433131 0.321119 0.0375696 0.0965712
2 0.0354069 0.325508 0.0708138 0.146295
