0 0.665639 0.474872 0.0676809 0.300973
3 0.851406 0.710836 0.29585 0.555459
0 0.116394 0.484422 0.0454082 0.244454
3 0.0889634 0.822791 0.177104 0.330364
0 0.955745 0.373997 0.031435 0.134654
0 0.61517 0.380652 0.0322434 0.151846
2 0.640781 0.310458 0.0353557 0.0556243
0 0.0443238 0.724364 0.0884402 0.401481
0 0.505223 0.449669 0.041241 0.218251
0 0.757803 0.568618 0.112342 0.559539
2 0.684229 0.319653 0.0520434 0.0907007
0 0.760541 0.490095 0.10535 0.398585
0 0.720055 0.405478 0.045392 0.238327
0 0.665639 0.474872 0.0676809 0.300973
3 0.851406 0.710836 0.29585 0.555459
0 0.116394 0.484422 0.0454082 0.244454
3 0.0889634 0.822791 0.177104 0.330364
0 0.955745 0.373997 0.031435 0.134654
0 0.61517 0.380652 0.0322434 0.151846
2 0.640781 0.310458 0.0353557 0.0556243
0 0.0443238 0.724364 0.0884402 0.401481
0 0.505223 0.449669 0.041241 0.218251
0 0.757803 0.568618 0.112342 0.559539
2 0.684229 0.319653 0.0520434 0.0907007
0 0.760541 0.490095 0.10535 0.398585
0 0.720055 0.405478 0.045392 0.238327
