0 0.414433 0.787684 0.168654 0.424274
0 0.562518 0.704785 0.0898633 0.472959
0 0.191664 0.797796 0.155003 0.398145
0 0.663381 0.636709 0.0883129 0.416167
0 0.74012 0.562 0.05016 0.328449
2 0.792862 0.399962 0.080447 0.142266
2 0.393201 0.516381 0.251105 0.328134
2 0.0983571 0.634762 0.195531 0.641115
0 0.959528 0.502641 0.0490431 0.200263
0 0.341767 0.616689 0.124659 0.354181
2 0.335344 0.458936 0.401558 0.34321
0 0.701082 0.564166 0.0487308 0.26616
2 0.602821 0.457937 0.142775 0.231608
2 0.0757558 0.295011 0.150418 0.0626028
0 0.86473 0.42302 0.0439671 0.146789
