2 0.646714 0.328338 0.131133 0.14504
0 0.557483 0.710588 0.159323 0.553827
2 0.725793 0.278852 0.0475575 0.0920034
2 0.476562 0.341216 0.158733 0.201386
0 0.672336 0.634037 0.124441 0.497133
2 0.611344 0.268898 0.105082 0.140719
7 0.813217 0.307452 0.168918 0.283948
0 0.954313 0.327535 0.0243607 0.128722
7 0.320016 0.616343 0.424607 0.627828
0 0.315772 0.24736 0.0175317 0.0969397
0 0.143063 0.264318 0.0261074 0.119261
2 0.646714 0.328338 0.131133 0.14504
0 0.557483 0.710588 0.159323 0.553827
2 0.725793 0.278852 0.0475575 0.0920034
2 0.476562 0.341216 0.158733 0.201386
0 0.672336 0.634037 0.124441 0.497133
2 0.611344 0.268898 0.105082 0.140719
7 0.813217 0.307452 0.168918 0.283948
0 0.954313 0.327535 0.0243607 0.128722
7 0.320016 0.616343 0.424607 0.627828
0 0.315772 0.24736 0.0175317 0.0969397
0 0.143063 0.264318 0.0261074 0.119261
