0 0.909561 0.506429 0.180209 0.964287
0 0.855923 0.280006 0.0953167 0.503329
0 0.566844 0.167819 0.0666715 0.326028
0 0.783785 0.175934 0.0971798 0.351404
7 0.282066 0.378134 0.553903 0.751346
1 0.761008 0.28063 0.0800028 0.280876
2 0.650263 0.0706999 0.138712 0.141302
0 0.909561 0.506429 0.180209 0.964287
0 0.855923 0.280006 0.0953167 0.503329
0 0.566844 0.167819 0.0666715 0.326028
0 0.783785 0.175934 0.0971798 0.351404
7 0.282066 0.378134 0.553903 0.751346
1 0.761008 0.28063 0.0800028 0.280876
2 0.650263 0.0706999 0.138712 0.141302
