2 0.115875 0.594792 0.230562 0.354687
2 0.762464 0.5053 0.265168 0.279076
7 0.581672 0.416083 0.210964 0.272916
0 0.954468 0.538122 0.0708855 0.310488
2 0.123598 0.40379 0.247195 0.217532
2 0.873979 0.355835 0.0944698 0.13396
7 0.373273 0.299161 0.0837742 0.092195
2 0.953358 0.414947 0.0924957 0.197677
2 0.405497 0.429914 0.186363 0.209597
2 0.727357 0.359471 0.0849291 0.0747932
9 0.206439 0.0917231 0.0346685 0.175819
2 0.115875 0.594792 0.230562 0.354687
2 0.762464 0.5053 0.265168 0.279076
7 0.581672 0.416083 0.210964 0.272916
0 0.954468 0.538122 0.0708855 0.310488
2 0.123598 0.40379 0.247195 0.217532
2 0.873979 0.355835 0.0944698 0.13396
7 0.373273 0.299161 0.0837742 0.092195
2 0.953358 0.414947 0.0924957 0.197677
2 0.405497 0.429914 0.186363 0.209597
2 0.727357 0.359471 0.0849291 0.0747932
9 0.206439 0.0917231 0.0346685 0.175819
