5 0.753792 0.510065 0.490027 0.699336
0 0.040713 0.678693 0.0808486 0.623742
2 0.243776 0.416104 0.0644548 0.0875985
0 0.128488 0.744991 0.122455 0.502736
0 0.282984 0.81805 0.246521 0.357915
0 0.496035 0.706276 0.102623 0.412999
0 0.215167 0.699861 0.0984512 0.399093
0 0.601763 0.797945 0.0963439 0.398569
0 0.725896 0.767853 0.122985 0.444461
0 0.867412 0.784652 0.201189 0.418878
0 0.419336 0.473763 0.0398924 0.191767
5 0.384925 0.376028 0.180885 0.18577
2 0.118585 0.403396 0.0586802 0.101112
5 0.753792 0.510065 0.490027 0.699336
0 0.040713 0.678693 0.0808486 0.623742
2 0.243776 0.416104 0.0644548 0.0875985
0 0.128488 0.744991 0.122455 0.502736
0 0.282984 0.81805 0.246521 0.357915
0 0.496035 0.706276 0.102623 0.412999
0 0.215167 0.699861 0.0984512 0.399093
0 0.601763 0.797945 0.0963439 0.398569
0 0.725896 0.767853 0.122985 0.444461
0 0.867412 0.784652 0.201189 0.418878
0 0.419336 0.473763 0.0398924 0.191767
5 0.384925 0.376028 0.180885 0.18577
2 0.118585 0.403396 0.0586802 0.101112
