11 56.0 134.0 0.17080745341614906 0.5548654244306418
13 618.0 27.5 0.08074534161490683 0.11387163561076605
4 319.5 138.5 0.47360248447204967 0.5734989648033126
15 583.0 23.0 0.18944099378881987 0.09523809523809523
5 575.5 13.0 0.15062111801242237 0.053830227743271224
10 163.0 28.5 0.043478260869565216 0.11801242236024845
4 527.5 78.5 0.19409937888198758 0.3250517598343685
4 364.5 69.0 0.20031055900621117 0.2857142857142857
4 252.0 54.5 0.15527950310559005 0.22567287784679088
4 549.0 24.0 0.13975155279503104 0.09937888198757763
4 433.0 27.5 0.12732919254658384 0.11387163561076605
11 71.5 21.0 0.09782608695652174 0.08695652173913043
4 86.5 34.5 0.15993788819875776 0.14285714285714285
4 300.5 14.0 0.17236024844720496 0.057971014492753624
13 448.5 41.0 0.05124223602484472 0.16977225672877846
