5 1057.0 63.5 0.095 0.15914786967418545
5 304.0 57.0 0.15 0.14285714285714285
17 583.0 38.5 0.055 0.09649122807017543
3 363.5 23.0 0.034166666666666665 0.05764411027568922
15 459.5 48.5 0.04416666666666667 0.12155388471177944
13 426.0 28.5 0.015 0.07142857142857142
5 606.5 10.5 0.0375 0.02631578947368421
5 569.5 16.5 0.0575 0.041353383458646614
10 553.5 14.5 0.0225 0.03634085213032581
5 659.5 20.5 0.049166666666666664 0.05137844611528822
5 603.5 14.0 0.04583333333333333 0.03508771929824561
5 692.0 17.5 0.02 0.043859649122807015
19 629.5 16.0 0.04416666666666667 0.040100250626566414
10 595.0 6.5 0.011666666666666667 0.016290726817042606
9 667.5 18.5 0.019166666666666665 0.046365914786967416
17 606.0 12.5 0.018333333333333333 0.03132832080200501
17 651.0 11.5 0.018333333333333333 0.02882205513784461
17 683.5 11.0 0.015833333333333335 0.02756892230576441
17 710.0 10.5 0.013333333333333334 0.02631578947368421
17 725.0 10.5 0.013333333333333334 0.02631578947368421
17 849.0 9.5 0.011666666666666667 0.023809523809523808
17 947.5 21.5 0.024166666666666666 0.05388471177944862
5 747.5 8.0 0.015833333333333335 0.020050125313283207
5 732.5 7.0 0.0125 0.017543859649122806
5 763.5 7.0 0.009166666666666667 0.017543859649122806
5 866.0 9.0 0.015 0.022556390977443608
5 886.5 11.5 0.010833333333333334 0.02882205513784461
5 817.0 5.0 0.01 0.012531328320802004
5 799.5 3.5 0.014166666666666666 0.008771929824561403
10 789.5 10.5 0.014166666666666666 0.02631578947368421
4 829.5 7.0 0.0175 0.017543859649122806
11 816.5 7.0 0.0175 0.017543859649122806
11 819.0 25.0 0.03166666666666667 0.06265664160401002
11 858.0 6.5 0.01 0.016290726817042606
