18 628.0 178.0 0.41012658227848103 0.7876106194690266
18 396.5 91.0 0.2721518987341772 0.4026548672566372
18 261.0 53.5 0.0759493670886076 0.23672566371681417
18 212.0 45.5 0.043037974683544304 0.2013274336283186
19 192.0 23.5 0.030379746835443037 0.10398230088495575
4 167.5 35.5 0.07468354430379746 0.1570796460176991
18 123.5 34.5 0.039240506329113925 0.15265486725663716
17 80.5 22.0 0.049367088607594936 0.09734513274336283
18 52.0 19.0 0.030379746835443037 0.084070796460177
4 82.0 13.5 0.0379746835443038 0.059734513274336286
