4 541.5 173.0 0.33118872549019607 0.14133986928104575
12 1281.0 223.0 0.1256127450980392 0.18218954248366012
5 134.5 220.0 0.0818014705882353 0.17973856209150327
17 757.5 45.0 0.07935049019607843 0.03676470588235294
19 1306.5 165.0 0.09895833333333333 0.13480392156862744
5 1534.0 139.5 0.06004901960784314 0.11397058823529412
17 1106.0 159.5 0.061274509803921566 0.13031045751633988
19 491.5 175.5 0.14185049019607843 0.14338235294117646
5 799.0 147.0 0.08823529411764706 0.12009803921568628
17 1493.5 73.5 0.04442401960784314 0.06004901960784314
0 1267.0 134.0 0.07598039215686274 0.10947712418300654
5 1007.5 98.0 0.07261029411764706 0.08006535947712418
5 458.5 135.0 0.11795343137254902 0.11029411764705882
5 599.0 79.0 0.07352941176470588 0.06454248366013073
5 869.0 93.5 0.06311274509803921 0.0763888888888889
5 1083.0 76.5 0.04840686274509804 0.0625
17 1319.0 36.0 0.03370098039215686 0.029411764705882353
5 1459.5 80.0 0.04442401960784314 0.06535947712418301
17 1472.5 35.0 0.029105392156862746 0.028594771241830064
15 694.5 67.5 0.06832107843137254 0.05514705882352941
5 929.0 40.0 0.044730392156862746 0.032679738562091505
17 726.0 25.0 0.034926470588235295 0.02042483660130719
11 811.0 57.0 0.04534313725490196 0.04656862745098039
19 1163.5 90.5 0.053002450980392156 0.07393790849673203
19 1372.0 71.0 0.04350490196078431 0.05800653594771242
17 1460.5 43.5 0.014399509803921568 0.03553921568627451
5 1078.0 61.0 0.020833333333333332 0.049836601307189546
17 959.0 39.0 0.03002450980392157 0.031862745098039214
5 1266.0 56.0 0.02144607843137255 0.0457516339869281
17 1473.5 19.5 0.020526960784313725 0.015931372549019607
17 1387.0 19.5 0.02267156862745098 0.015931372549019607
5 1361.5 27.5 0.026041666666666668 0.02246732026143791
5 1096.5 40.0 0.035845588235294115 0.032679738562091505
15 963.5 45.5 0.0389093137254902 0.037173202614379085
19 1137.0 53.0 0.03002450980392157 0.04330065359477124
5 997.0 25.0 0.026348039215686275 0.02042483660130719
5 1256.5 33.0 0.03216911764705882 0.02696078431372549
5 1229.0 15.5 0.024509803921568627 0.012663398692810458
5 1341.0 21.0 0.025122549019607844 0.01715686274509804
5 1353.0 9.5 0.0196078431372549 0.007761437908496732
9 1219.5 35.5 0.024816176470588234 0.02900326797385621
4 1283.5 58.5 0.0272671568627451 0.04779411764705882
17 278.5 48.5 0.03278186274509804 0.039624183006535946
17 135.5 51.0 0.026041666666666668 0.041666666666666664
5 417.0 36.5 0.031862745098039214 0.0298202614379085
17 353.0 40.5 0.02022058823529412 0.03308823529411765
5 671.5 21.5 0.017463235294117647 0.017565359477124183
17 620.5 27.0 0.014399509803921568 0.022058823529411766
4 1364.0 29.0 0.01838235294117647 0.02369281045751634
4 1287.0 41.0 0.016544117647058824 0.03349673202614379
9 1121.5 29.0 0.02420343137254902 0.02369281045751634
5 1126.0 15.0 0.014705882352941176 0.012254901960784314
5 1129.0 9.5 0.014093137254901961 0.007761437908496732
