9 1561.0 197.0 0.15257352941176472 0.16094771241830066
5 2012.0 204.5 0.15441176470588236 0.1670751633986928
5 2634.0 119.5 0.20649509803921567 0.09763071895424837
9 2299.0 208.5 0.16482843137254902 0.17034313725490197
17 1803.5 163.5 0.07751225490196079 0.13357843137254902
3 2843.0 57.5 0.030637254901960783 0.046977124183006536
10 2522.0 54.0 0.031862745098039214 0.04411764705882353
11 1437.0 243.5 0.13480392156862744 0.198937908496732
5 1621.0 121.0 0.07291666666666667 0.0988562091503268
15 1910.5 133.0 0.109375 0.10866013071895425
5 1130.5 102.5 0.06464460784313726 0.08374183006535947
5 1455.0 85.5 0.06924019607843138 0.06985294117647059
5 1770.5 83.0 0.07383578431372549 0.06781045751633986
5 1616.0 69.5 0.05698529411764706 0.056781045751633986
17 1168.5 71.5 0.04013480392156863 0.05841503267973856
5 1353.5 72.0 0.05974264705882353 0.058823529411764705
17 1210.5 81.0 0.03829656862745098 0.0661764705882353
5 1447.0 59.0 0.04779411764705882 0.04820261437908497
5 1285.5 48.0 0.046262254901960786 0.0392156862745098
5 1062.5 69.5 0.04442401960784314 0.056781045751633986
5 1414.0 42.5 0.04105392156862745 0.034722222222222224
5 1052.5 26.5 0.03768382352941176 0.02165032679738562
10 1513.0 27.0 0.013480392156862746 0.022058823529411766
19 1427.0 48.5 0.030637254901960783 0.039624183006535946
4 1222.5 106.5 0.048100490196078434 0.08700980392156862
17 1083.5 47.5 0.02665441176470588 0.03880718954248366
5 997.0 40.5 0.028186274509803922 0.03308823529411765
5 1338.0 39.0 0.024509803921568627 0.031862745098039214
17 1101.5 41.5 0.023590686274509803 0.03390522875816993
11 1358.5 37.5 0.02849264705882353 0.030637254901960783
5 1054.0 19.0 0.024509803921568627 0.015522875816993464
5 1041.5 30.0 0.023590686274509803 0.024509803921568627
5 1124.0 30.0 0.018995098039215685 0.024509803921568627
10 920.5 21.5 0.008272058823529412 0.017565359477124183
5 1135.0 19.0 0.02267156862745098 0.015522875816993464
4 1024.5 67.5 0.033394607843137254 0.05514705882352941
19 1106.5 35.5 0.018688725490196078 0.02900326797385621
5 1250.0 21.0 0.015318627450980392 0.01715686274509804
10 925.0 13.0 0.006127450980392157 0.010620915032679739
17 962.0 29.5 0.007965686274509803 0.024101307189542485
10 1134.0 9.5 0.003676470588235294 0.007761437908496732
10 1114.0 9.5 0.003676470588235294 0.007761437908496732
10 1091.0 8.5 0.0030637254901960784 0.006944444444444444
10 1060.0 7.5 0.0024509803921568627 0.006127450980392157
11 2262.5 41.0 0.053002450980392156 0.03349673202614379
