0 431.5 40.0 0.08933333333333333 0.1941747572815534
15 513.0 34.0 0.104 0.1650485436893204
5 393.5 21.0 0.052 0.10194174757281553
15 336.0 22.0 0.050666666666666665 0.10679611650485436
5 442.5 16.0 0.04933333333333333 0.07766990291262135
5 389.0 13.5 0.037333333333333336 0.06553398058252427
3 444.0 8.5 0.010666666666666666 0.0412621359223301
3 420.0 7.5 0.008 0.03640776699029126
10 435.5 6.5 0.009333333333333334 0.03155339805825243
5 365.0 10.0 0.042666666666666665 0.04854368932038835
5 409.5 10.5 0.04666666666666667 0.050970873786407765
9 458.5 10.0 0.06 0.04854368932038835
12 67.0 35.5 0.11466666666666667 0.17233009708737865
10 46.5 8.5 0.025333333333333333 0.0412621359223301
5 233.0 11.5 0.04533333333333334 0.055825242718446605
5 276.0 10.0 0.048 0.04854368932038835
10 257.5 7.0 0.014666666666666666 0.03398058252427184
17 222.0 7.0 0.016 0.03398058252427184
15 414.0 9.0 0.058666666666666666 0.043689320388349516
7 392.5 10.0 0.04133333333333333 0.04854368932038835
5 428.5 6.5 0.04666666666666667 0.03155339805825243
9 337.5 9.5 0.05466666666666667 0.04611650485436893
5 335.0 6.0 0.016 0.02912621359223301
5 323.5 5.0 0.014666666666666666 0.024271844660194174
