10 532.5 16.5 0.02875 0.055
13 589.0 22.0 0.035 0.07333333333333333
5 681.5 12.0 0.08125 0.04
17 626.0 20.0 0.0475 0.06666666666666667
5 790.0 24.0 0.025 0.08
17 561.0 12.0 0.03 0.04
5 540.5 12.0 0.01875 0.04
13 503.0 13.0 0.02 0.043333333333333335
17 433.0 15.5 0.0275 0.051666666666666666
17 429.5 10.5 0.01875 0.035
5 509.5 7.5 0.04375 0.025
5 477.5 7.5 0.02125 0.025
9 461.0 7.5 0.02 0.025
17 432.5 6.5 0.01375 0.021666666666666667
5 468.5 14.0 0.04125 0.04666666666666667
13 69.5 34.5 0.06875 0.115
17 207.0 24.0 0.05 0.08
13 279.0 10.5 0.0175 0.035
5 367.0 9.5 0.025 0.03166666666666667
10 321.5 7.0 0.01375 0.023333333333333334
11 347.5 7.0 0.01125 0.023333333333333334
