10 267.5 19.5 0.04125 0.10512129380053908
17 194.0 32.5 0.07 0.1752021563342318
17 144.0 47.5 0.095 0.2560646900269542
3 289.5 29.0 0.04875 0.15633423180592992
10 169.5 22.0 0.04625 0.11859838274932614
10 223.5 27.5 0.05125 0.14824797843665768
5 77.0 30.0 0.165 0.16172506738544473
5 166.0 22.5 0.07 0.12129380053908356
10 279.5 11.5 0.01875 0.06199460916442048
9 241.0 15.0 0.0375 0.08086253369272237
10 276.5 7.5 0.01625 0.04043126684636118
17 332.0 13.5 0.0225 0.07277628032345014
13 314.5 12.5 0.01625 0.0673854447439353
17 303.0 11.0 0.015 0.05929919137466307
17 300.0 4.5 0.0175 0.02425876010781671
5 409.0 20.0 0.045 0.1078167115902965
