17 228.5 125.0 0.2875 0.2604166666666667
5 626.5 123.0 0.2513888888888889 0.25625
5 520.0 78.0 0.37222222222222223 0.1625
5 379.5 57.5 0.1986111111111111 0.11979166666666667
17 27.0 146.0 0.07222222222222222 0.30416666666666664
5 90.0 59.0 0.12777777777777777 0.12291666666666666
5 119.0 78.0 0.10833333333333334 0.1625
4 435.5 43.0 0.14583333333333334 0.08958333333333333
4 275.0 36.5 0.26944444444444443 0.07604166666666666
4 97.0 21.5 0.13055555555555556 0.04479166666666667
4 167.0 22.0 0.06944444444444445 0.04583333333333333
4 137.0 23.5 0.08888888888888889 0.04895833333333333
15 517.5 27.0 0.19583333333333333 0.05625
