5 140.5 114.0 0.3875 0.2375
3 323.5 25.0 0.09583333333333334 0.052083333333333336
13 90.0 22.0 0.11666666666666667 0.04583333333333333
13 183.0 21.5 0.06111111111111111 0.04479166666666667
5 519.5 51.5 0.18194444444444444 0.10729166666666666
10 435.0 110.0 0.12222222222222222 0.22916666666666666
4 247.5 24.5 0.19305555555555556 0.051041666666666666
4 558.5 46.5 0.15138888888888888 0.096875
5 467.5 16.0 0.11805555555555555 0.03333333333333333
4 375.5 18.5 0.0875 0.03854166666666667
4 41.5 10.5 0.059722222222222225 0.021875
