5 1502.0 302.0 0.3003472222222222 0.1474609375
17 954.0 263.5 0.1918402777777778 0.128662109375
13 602.5 227.5 0.14453125 0.111083984375
3 114.5 116.0 0.037760416666666664 0.056640625
5 326.5 96.5 0.11414930555555555 0.047119140625
19 292.5 41.5 0.12803819444444445 0.020263671875
5 115.5 47.5 0.08637152777777778 0.023193359375
4 130.0 55.5 0.0876736111111111 0.027099609375
4 282.0 55.0 0.050347222222222224 0.02685546875
4 488.0 74.0 0.10416666666666667 0.0361328125
4 1061.5 237.0 0.3797743055555556 0.11572265625
13 2064.0 289.0 0.2013888888888889 0.14111328125
13 1784.0 148.5 0.0685763888888889 0.072509765625
