5 1150.5 915.5 0.8572048611111112 0.447021484375
10 307.5 446.0 0.16883680555555555 0.2177734375
10 738.5 236.5 0.14192708333333334 0.115478515625
17 1341.0 179.0 0.2604166666666667 0.08740234375
19 1315.0 286.5 0.3689236111111111 0.139892578125
5 2019.0 267.5 0.24739583333333334 0.130615234375
5 2131.0 342.0 0.1484375 0.1669921875
13 646.0 238.5 0.13541666666666666 0.116455078125
13 414.0 153.0 0.07725694444444445 0.07470703125
13 142.5 134.0 0.07508680555555555 0.0654296875
4 806.5 316.5 0.3276909722222222 0.154541015625
13 705.5 94.5 0.08463541666666667 0.046142578125
4 1940.5 146.5 0.3111979166666667 0.071533203125
