4 168.5 812.5 0.14453125 0.396728515625
10 636.5 143.0 0.06640625 0.06982421875
11 1046.0 353.0 0.2552083333333333 0.17236328125
19 1683.5 254.5 0.2903645833333333 0.124267578125
4 535.0 222.0 0.14583333333333334 0.1083984375
4 963.0 105.0 0.1814236111111111 0.05126953125
5 1961.5 337.5 0.2912326388888889 0.164794921875
4 2028.0 157.0 0.23350694444444445 0.07666015625
4 1237.5 82.5 0.07074652777777778 0.040283203125
15 1304.5 109.5 0.05772569444444445 0.053466796875
4 730.5 134.0 0.026475694444444444 0.0654296875
