13 1706.0 589.0 0.3975694444444444 0.28759765625
10 860.0 171.5 0.09375 0.083740234375
4 1616.5 255.0 0.3806423611111111 0.12451171875
8 606.5 113.0 0.08550347222222222 0.05517578125
8 659.0 71.0 0.0685763888888889 0.03466796875
5 1110.5 95.0 0.05946180555555555 0.04638671875
13 758.5 103.5 0.037760416666666664 0.050537109375
13 844.5 42.5 0.03515625 0.020751953125
13 459.0 30.0 0.0234375 0.0146484375
13 408.0 39.0 0.019965277777777776 0.01904296875
13 358.0 27.0 0.0234375 0.01318359375
8 314.0 25.5 0.026041666666666668 0.012451171875
8 415.5 28.0 0.046440972222222224 0.013671875
13 893.5 16.5 0.020399305555555556 0.008056640625
13 1028.0 21.0 0.024305555555555556 0.01025390625
13 963.5 164.5 0.08116319444444445 0.080322265625
13 548.0 110.5 0.059027777777777776 0.053955078125
5 1056.5 40.5 0.03428819444444445 0.019775390625
13 1135.5 20.0 0.038628472222222224 0.009765625
13 250.5 28.5 0.032552083333333336 0.013916015625
13 302.5 24.0 0.025607638888888888 0.01171875
13 173.5 16.5 0.01953125 0.008056640625
9 2091.5 93.5 0.05164930555555555 0.045654296875
