5 1171.0 511.0 0.6414930555555556 0.24951171875
10 2013.0 352.5 0.1640625 0.172119140625
13 1585.0 251.5 0.16666666666666666 0.122802734375
17 769.5 184.5 0.1410590277777778 0.090087890625
5 1228.0 81.0 0.19618055555555555 0.03955078125
4 1732.0 218.0 0.4869791666666667 0.1064453125
5 2129.0 240.0 0.1519097222222222 0.1171875
4 350.5 151.5 0.23741319444444445 0.073974609375
4 676.5 84.5 0.0759548611111111 0.041259765625
13 984.5 121.5 0.045572916666666664 0.059326171875
13 819.5 32.5 0.03515625 0.015869140625
13 457.5 197.0 0.1323784722222222 0.09619140625
13 88.0 118.5 0.06336805555555555 0.057861328125
13 123.0 842.5 0.1015625 0.411376953125
13 1147.5 67.5 0.031684027777777776 0.032958984375
13 897.5 30.5 0.029947916666666668 0.014892578125
