13 1092.0 543.5 0.5208333333333334 0.265380859375
5 1717.0 315.5 0.1953125 0.154052734375
17 1060.0 235.0 0.1640625 0.11474609375
13 714.0 201.5 0.14322916666666666 0.098388671875
4 1165.5 165.5 0.2921006944444444 0.080810546875
5 456.0 101.5 0.1267361111111111 0.049560546875
4 633.5 62.5 0.14366319444444445 0.030517578125
19 494.0 40.0 0.13020833333333334 0.01953125
4 218.5 74.0 0.18272569444444445 0.0361328125
4 2073.0 414.5 0.19791666666666666 0.202392578125
5 305.0 88.0 0.1015625 0.04296875
