18 40.0 135.5 0.03211805555555555 0.066162109375
18 122.5 106.5 0.04904513888888889 0.052001953125
18 110.0 112.0 0.09027777777777778 0.0546875
13 280.5 186.5 0.11414930555555555 0.091064453125
13 629.5 201.0 0.10980902777777778 0.09814453125
19 596.5 112.0 0.10199652777777778 0.0546875
17 453.0 57.0 0.026909722222222224 0.02783203125
4 1393.0 197.5 0.22916666666666666 0.096435546875
9 1617.5 200.0 0.2261284722222222 0.09765625
12 1953.0 79.0 0.1467013888888889 0.03857421875
5 1838.5 101.5 0.05946180555555555 0.049560546875
10 2080.0 212.5 0.1015625 0.103759765625
10 2246.5 231.5 0.045572916666666664 0.113037109375
13 2090.5 73.0 0.07769097222222222 0.03564453125
