3 1851.5 107.5 0.02716346153846154 0.06891025641025642
2 2187.5 193.5 0.0733173076923077 0.12403846153846154
5 2547.0 33.5 0.01730769230769231 0.021474358974358974
13 2789.0 78.5 0.023557692307692307 0.05032051282051282
13 2599.5 34.0 0.010336538461538461 0.021794871794871794
2 2389.0 42.5 0.011538461538461539 0.027243589743589744
2 2437.0 44.0 0.013461538461538462 0.028205128205128206
18 2700.5 46.5 0.026201923076923078 0.02980769230769231
10 1397.5 60.5 0.026201923076923078 0.03878205128205128
3 1138.5 53.5 0.04783653846153846 0.0342948717948718
