13 579.0 139.5 0.08798076923076924 0.08942307692307692
18 1646.0 129.5 0.1658653846153846 0.08301282051282051
2 2309.0 95.0 0.05673076923076923 0.060897435897435896
13 2787.5 88.0 0.04350961538461538 0.05641025641025641
2 2855.0 53.5 0.03365384615384615 0.0342948717948718
2 2990.0 70.0 0.0375 0.04487179487179487
13 3207.0 76.5 0.03365384615384615 0.04903846153846154
3 3102.5 49.5 0.014182692307692308 0.03173076923076923
2 3137.0 57.0 0.016826923076923076 0.03653846153846154
2 3726.0 53.5 0.023557692307692307 0.0342948717948718
18 3817.0 56.5 0.02451923076923077 0.03621794871794872
10 3877.5 46.0 0.014182692307692308 0.029487179487179487
2 4060.5 28.5 0.012740384615384615 0.01826923076923077
