3 2865.0 864.5 0.28028846153846154 0.5541666666666667
2 2108.0 214.5 0.09951923076923076 0.1375
2 1679.5 209.5 0.09495192307692307 0.1342948717948718
10 658.5 533.0 0.31177884615384616 0.3416666666666667
2 1049.0 40.0 0.014903846153846155 0.02564102564102564
18 1185.5 35.5 0.014663461538461538 0.022756410256410255
2 1248.0 25.0 0.007692307692307693 0.016025641025641024
3 1211.5 64.0 0.011298076923076923 0.041025641025641026
13 1312.5 71.0 0.020432692307692308 0.04551282051282051
13 1415.5 76.5 0.024759615384615383 0.04903846153846154
13 1121.0 23.5 0.008173076923076924 0.015064102564102564
