13 936.5 459.5 0.3560096153846154 0.29455128205128206
13 1143.5 374.0 0.25408653846153845 0.23974358974358975
13 3821.0 594.5 0.16298076923076923 0.38108974358974357
13 3360.5 188.0 0.09399038461538461 0.12051282051282051
13 2472.5 72.0 0.024759615384615383 0.046153846153846156
13 2374.5 71.5 0.01706730769230769 0.04583333333333333
2 1916.5 232.5 0.05456730769230769 0.14903846153846154
2 3136.0 157.0 0.028846153846153848 0.10064102564102564
5 2758.0 203.5 0.15384615384615385 0.13044871794871796
3 1781.5 316.5 0.06706730769230769 0.20288461538461539
