13 2353.0 131.5 0.07761437908496732 0.08057598039215687
13 1179.0 163.0 0.136437908496732 0.09987745098039216
13 1592.0 162.0 0.15522875816993464 0.09926470588235294
13 1789.0 81.0 0.09395424836601307 0.04963235294117647
13 1336.0 114.0 0.08823529411764706 0.06985294117647059
5 331.0 169.0 0.2540849673202614 0.10355392156862746
0 1407.0 85.0 0.13480392156862744 0.052083333333333336
13 609.0 66.0 0.05310457516339869 0.04044117647058824
5 568.0 113.0 0.12254901960784313 0.06924019607843138
10 20.5 40.0 0.015931372549019607 0.024509803921568627
17 835.0 133.0 0.13970588235294118 0.08149509803921569
