13 1316.5 195.0 0.07101024890190337 0.5078125
13 891.0 101.5 0.0951683748169839 0.2643229166666667
13 776.5 55.0 0.04904831625183016 0.14322916666666666
13 721.5 33.0 0.030014641288433383 0.0859375
13 672.0 36.0 0.03367496339677892 0.09375
13 1038.5 31.5 0.04758418740849195 0.08203125
5 1119.5 55.5 0.21888726207906295 0.14453125
19 973.5 29.5 0.046120058565153735 0.07682291666666667
17 746.5 21.5 0.0212298682284041 0.055989583333333336
4 678.0 27.5 0.03953147877013177 0.07161458333333333
8 555.0 72.5 0.10395314787701318 0.18880208333333334
8 592.0 38.0 0.08345534407027819 0.09895833333333333
13 630.0 47.0 0.014641288433382138 0.12239583333333333
4 1026.5 36.5 0.12371888726207907 0.09505208333333333
13 419.0 39.5 0.043923865300146414 0.10286458333333333
