15 1064.5 57.5 0.16617862371888725 0.14973958333333334
13 448.0 32.0 0.04538799414348463 0.08333333333333333
13 708.0 37.5 0.0424597364568082 0.09765625
8 531.5 5.5 0.00951683748169839 0.014322916666666666
8 563.0 9.0 0.014641288433382138 0.0234375
8 602.5 8.5 0.0212298682284041 0.022135416666666668
8 618.5 7.5 0.010980966325036604 0.01953125
8 652.0 30.0 0.03806734992679356 0.078125
19 708.0 34.5 0.04978038067349927 0.08984375
15 747.5 25.0 0.01683748169838946 0.06510416666666667
13 633.0 23.5 0.020497803806734993 0.061197916666666664
13 550.5 8.5 0.01683748169838946 0.022135416666666668
13 587.0 9.0 0.016105417276720352 0.0234375
10 612.0 23.0 0.014641288433382138 0.059895833333333336
13 906.5 11.0 0.018301610541727673 0.028645833333333332
13 943.0 15.5 0.017569546120058566 0.040364583333333336
13 811.5 9.5 0.01683748169838946 0.024739583333333332
