4 1102.5 235.5 0.38433382137628114 0.61328125
13 463.0 37.5 0.043923865300146414 0.09765625
13 608.5 33.5 0.027086383601756955 0.08723958333333333
8 627.0 9.5 0.01903367496339678 0.024739583333333332
8 584.0 8.0 0.01171303074670571 0.020833333333333332
15 682.0 16.5 0.020497803806734993 0.04296875
5 748.5 12.5 0.02562225475841874 0.032552083333333336
8 756.0 9.5 0.040995607613469986 0.024739583333333332
15 777.5 12.0 0.022693997071742314 0.03125
15 835.0 9.0 0.02635431918008785 0.0234375
13 712.5 23.5 0.034407027818448024 0.061197916666666664
8 557.0 6.0 0.01171303074670571 0.015625
19 655.0 9.0 0.01903367496339678 0.0234375
20 671.5 20.0 0.03587115666178624 0.052083333333333336
13 630.5 18.0 0.015373352855051245 0.046875
