4 821.0 74.0 0.13177159590043924 0.19270833333333334
10 1049.5 46.5 0.046120058565153735 0.12109375
13 637.5 46.5 0.038799414348462666 0.12109375
13 593.5 11.5 0.018301610541727673 0.029947916666666668
13 660.0 23.5 0.013177159590043924 0.061197916666666664
15 981.0 19.5 0.0629575402635432 0.05078125
5 691.5 16.0 0.02855051244509517 0.041666666666666664
13 728.0 19.5 0.013177159590043924 0.05078125
8 603.5 7.5 0.010980966325036604 0.01953125
8 616.5 5.5 0.010980966325036604 0.014322916666666666
8 638.0 6.5 0.020497803806734993 0.016927083333333332
13 1325.5 37.0 0.05197657393850659 0.09635416666666667
13 495.5 38.0 0.04904831625183016 0.09895833333333333
8 574.5 5.0 0.012445095168374817 0.013020833333333334
