13 852.0 144.0 0.12298682284040996 0.375
8 1043.0 114.0 0.28257686676427524 0.296875
4 696.0 39.0 0.05856515373352855 0.1015625
13 1343.5 36.5 0.03294289897510981 0.09505208333333333
13 477.0 37.5 0.04685212298682284 0.09765625
13 646.0 44.0 0.03953147877013177 0.11458333333333333
13 626.5 32.0 0.027086383601756955 0.08333333333333333
14 719.0 23.5 0.020497803806734993 0.061197916666666664
10 744.5 17.5 0.015373352855051245 0.045572916666666664
8 571.5 6.0 0.010980966325036604 0.015625
8 602.5 7.5 0.013909224011713031 0.01953125
8 583.5 5.5 0.00951683748169839 0.014322916666666666
13 775.5 11.5 0.013909224011713031 0.029947916666666668
13 801.0 10.5 0.014641288433382138 0.02734375
13 575.5 11.5 0.0212298682284041 0.029947916666666668
19 554.0 3.5 0.013177159590043924 0.009114583333333334
