13 411.0 75.0 0.07906295754026355 0.1953125
13 784.0 85.5 0.1683748169838946 0.22265625
5 523.0 48.5 0.0849194729136164 0.12630208333333334
10 603.5 19.0 0.01683748169838946 0.049479166666666664
10 276.5 44.5 0.02855051244509517 0.11588541666666667
13 1340.0 52.5 0.03806734992679356 0.13671875
13 1288.0 44.0 0.03513909224011713 0.11458333333333333
20 1233.0 30.0 0.09370424597364568 0.078125
13 1169.5 53.5 0.06515373352855051 0.13932291666666666
13 1014.5 37.0 0.04758418740849195 0.09635416666666667
10 566.5 15.0 0.012445095168374817 0.0390625
13 512.5 18.0 0.027086383601756955 0.046875
13 547.5 23.5 0.018301610541727673 0.061197916666666664
13 431.5 11.5 0.0314787701317716 0.029947916666666668
13 45.5 65.0 0.06515373352855051 0.16927083333333334
