15 266.0 55.5 0.10688140556368961 0.14453125
5 668.5 75.5 0.13103953147877012 0.19661458333333334
5 1171.0 143.0 0.28550512445095166 0.3723958333333333
13 1264.5 75.5 0.1486090775988287 0.19661458333333334
4 1129.0 72.5 0.34699853587115664 0.18880208333333334
5 669.5 38.5 0.1383601756954612 0.10026041666666667
17 533.0 70.0 0.08638360175695461 0.18229166666666666
13 441.5 61.0 0.06954612005856516 0.15885416666666666
13 81.0 228.0 0.1171303074670571 0.59375
13 21.5 30.0 0.030014641288433383 0.078125
13 124.0 30.0 0.03367496339677892 0.078125
13 344.5 39.0 0.06076134699853587 0.1015625
13 827.5 40.5 0.07540263543191801 0.10546875
13 733.0 35.0 0.04978038067349927 0.09114583333333333
13 650.0 12.5 0.03806734992679356 0.032552083333333336
4 452.5 22.5 0.1281112737920937 0.05859375
8 319.5 23.5 0.050512445095168376 0.061197916666666664
4 69.5 18.0 0.06515373352855051 0.046875
8 152.0 22.0 0.05417276720351391 0.057291666666666664
8 238.0 30.5 0.07027818448023426 0.07942708333333333
8 547.0 23.5 0.014641288433382138 0.061197916666666664
10 924.0 105.0 0.08638360175695461 0.2734375
