17 621.5 127.0 0.1617862371888726 0.3307291666666667
7 1291.5 49.5 0.10907759882869693 0.12890625
8 318.5 95.0 0.29209370424597364 0.24739583333333334
11 188.0 281.5 0.27379209370424595 0.7330729166666666
11 1091.5 50.0 0.13250366032210834 0.13020833333333334
4 840.5 183.0 0.24377745241581258 0.4765625
13 591.0 16.0 0.04538799414348463 0.041666666666666664
8 330.0 13.0 0.09224011713030747 0.033854166666666664
8 1317.0 25.0 0.07174231332357248 0.06510416666666667
4 536.0 35.0 0.07759882869692533 0.09114583333333333
13 644.5 19.0 0.03294289897510981 0.049479166666666664
