13 487.5 45.0 0.08142857142857143 0.2452316076294278
13 528.0 31.5 0.05142857142857143 0.17166212534059946
13 527.5 39.5 0.055714285714285716 0.21525885558583105
13 583.5 27.0 0.10142857142857142 0.14713896457765668
13 543.0 26.5 0.06285714285714286 0.1444141689373297
13 199.0 34.0 0.13428571428571429 0.18528610354223432
13 124.5 33.0 0.09857142857142857 0.17983651226158037
13 285.0 29.0 0.07428571428571429 0.15803814713896458
13 328.0 28.0 0.07714285714285714 0.15258855585831063
10 447.0 16.5 0.04857142857142857 0.08991825613079019
10 491.5 26.0 0.055714285714285716 0.14168937329700274
10 650.5 19.5 0.05285714285714286 0.10626702997275204
13 478.5 22.0 0.047142857142857146 0.11989100817438691
10 405.5 35.0 0.09857142857142857 0.1907356948228883
19 619.0 26.5 0.14285714285714285 0.1444141689373297
5 419.0 35.5 0.18571428571428572 0.19346049046321526
13 310.0 45.0 0.13714285714285715 0.2452316076294278
5 214.0 48.5 0.2542857142857143 0.26430517711171664
5 340.0 20.0 0.13142857142857142 0.10899182561307902
5 296.0 29.5 0.1457142857142857 0.16076294277929154
9 238.5 33.0 0.15285714285714286 0.17983651226158037
5 417.5 22.5 0.1442857142857143 0.1226158038147139
15 413.0 25.5 0.15428571428571428 0.13896457765667575
9 463.0 23.0 0.11428571428571428 0.12534059945504086
5 532.0 28.0 0.13714285714285715 0.15258855585831063
9 65.0 33.5 0.13428571428571429 0.18256130790190736
5 116.5 15.0 0.08714285714285715 0.08174386920980926
5 114.5 15.5 0.06142857142857143 0.08446866485013624
5 64.0 15.5 0.05714285714285714 0.08446866485013624
5 143.5 17.0 0.06142857142857143 0.09264305177111716
17 204.5 39.5 0.11285714285714285 0.21525885558583105
17 129.0 12.0 0.037142857142857144 0.0653950953678474
17 113.0 13.5 0.03428571428571429 0.07356948228882834
15 194.5 10.0 0.04428571428571428 0.05449591280653951
