17 690.0 90.5 0.118 0.27095808383233533
17 801.0 68.5 0.1 0.20508982035928144
17 920.0 94.5 0.16 0.28293413173652693
13 706.0 80.5 0.166 0.2410179640718563
13 656.5 112.5 0.147 0.33682634730538924
19 661.5 45.0 0.159 0.1347305389221557
13 316.0 59.0 0.12 0.17664670658682635
13 315.5 63.5 0.119 0.19011976047904192
13 319.5 85.5 0.129 0.2559880239520958
13 290.5 92.5 0.175 0.27694610778443113
13 298.5 85.5 0.149 0.2559880239520958
13 277.5 52.5 0.169 0.15718562874251496
13 94.0 87.5 0.146 0.2619760479041916
13 174.5 81.0 0.103 0.24251497005988024
13 111.5 104.5 0.141 0.312874251497006
13 264.0 58.5 0.074 0.1751497005988024
13 329.5 64.5 0.095 0.19311377245508982
13 202.5 77.0 0.101 0.23053892215568864
13 261.5 60.0 0.077 0.17964071856287425
17 486.5 61.0 0.087 0.18263473053892215
13 512.5 47.5 0.063 0.14221556886227546
13 589.5 75.0 0.095 0.2245508982035928
13 807.0 77.0 0.12 0.23053892215568864
13 825.0 83.0 0.138 0.24850299401197604
10 908.5 89.5 0.045 0.2679640718562874
13 460.5 52.5 0.103 0.15718562874251496
13 420.5 67.0 0.087 0.20059880239520958
13 295.5 47.0 0.071 0.1407185628742515
9 645.0 80.0 0.17 0.23952095808383234
13 481.5 85.5 0.171 0.2559880239520958
13 471.0 64.5 0.152 0.19311377245508982
13 480.0 56.0 0.138 0.16766467065868262
13 773.5 65.0 0.113 0.19461077844311378
