17 885.5 58.5 0.103125 0.21666666666666667
17 903.5 45.5 0.07604166666666666 0.1685185185185185
17 941.5 42.0 0.03854166666666667 0.15555555555555556
17 926.0 26.0 0.05416666666666667 0.0962962962962963
5 648.0 46.5 0.13541666666666666 0.17222222222222222
11 520.0 82.0 0.12916666666666668 0.3037037037037037
4 713.0 80.5 0.14583333333333334 0.29814814814814816
4 844.5 74.5 0.128125 0.2759259259259259
9 630.5 49.5 0.08229166666666667 0.18333333333333332
4 52.0 103.5 0.10625 0.38333333333333336
4 934.5 48.0 0.053125 0.17777777777777778
5 149.5 47.5 0.11354166666666667 0.17592592592592593
5 231.5 43.0 0.103125 0.15925925925925927
5 319.0 44.5 0.09791666666666667 0.1648148148148148
5 269.0 32.5 0.0875 0.12037037037037036
9 359.0 46.5 0.07916666666666666 0.17222222222222222
17 279.5 32.0 0.046875 0.11851851851851852
4 208.0 66.0 0.10625 0.24444444444444444
4 435.0 62.5 0.1 0.23148148148148148
5 359.5 23.5 0.06354166666666666 0.08703703703703704
5 556.0 27.5 0.0625 0.10185185185185185
4 447.5 38.0 0.10729166666666666 0.14074074074074075
4 417.5 34.0 0.07604166666666666 0.1259259259259259
4 343.0 46.5 0.08958333333333333 0.17222222222222222
4 700.0 44.5 0.10833333333333334 0.1648148148148148
7 668.0 26.0 0.08541666666666667 0.0962962962962963
