4 635.0 95.5 0.15333333333333332 0.40552016985138006
11 852.5 62.0 0.10111111111111111 0.2632696390658174
5 438.0 32.0 0.13333333333333333 0.13588110403397027
5 338.0 40.0 0.11777777777777777 0.16985138004246284
5 418.0 43.0 0.12222222222222222 0.18259023354564755
5 525.5 49.0 0.11 0.208067940552017
19 756.0 61.0 0.10666666666666667 0.25902335456475584
19 556.0 40.5 0.08666666666666667 0.17197452229299362
9 476.5 43.5 0.09 0.18471337579617833
5 793.0 30.5 0.07111111111111111 0.12951167728237792
5 764.5 23.5 0.06777777777777778 0.09978768577494693
11 796.5 36.5 0.07666666666666666 0.15498938428874734
5 510.5 25.5 0.058888888888888886 0.10828025477707007
5 669.5 8.0 0.056666666666666664 0.03397027600849257
5 736.0 24.0 0.05555555555555555 0.10191082802547771
5 525.5 20.5 0.052222222222222225 0.0870488322717622
5 582.0 13.5 0.057777777777777775 0.05732484076433121
5 666.5 15.0 0.056666666666666664 0.06369426751592357
5 690.5 22.5 0.06555555555555556 0.09554140127388536
5 609.5 18.0 0.056666666666666664 0.07643312101910828
5 571.0 19.0 0.051111111111111114 0.08067940552016985
5 535.5 15.0 0.04777777777777778 0.06369426751592357
5 624.5 12.5 0.052222222222222225 0.05307855626326964
5 593.0 12.0 0.05333333333333334 0.050955414012738856
5 563.5 15.0 0.043333333333333335 0.06369426751592357
5 637.5 11.5 0.043333333333333335 0.04883227176220807
17 596.5 9.5 0.027777777777777776 0.040339702760084924
5 682.5 12.5 0.05 0.05307855626326964
5 737.5 21.5 0.04777777777777778 0.09129511677282377
5 573.5 8.5 0.03222222222222222 0.036093418259023353
11 659.5 16.0 0.05444444444444444 0.06794055201698514
7 709.0 20.0 0.035555555555555556 0.08492569002123142
5 610.0 12.5 0.028888888888888888 0.05307855626326964
5 632.0 13.5 0.02666666666666667 0.05732484076433121
4 705.0 11.5 0.09777777777777778 0.04883227176220807
11 634.0 9.0 0.024444444444444446 0.03821656050955414
5 726.0 7.0 0.028888888888888888 0.029723991507430998
11 604.0 9.5 0.022222222222222223 0.040339702760084924
4 607.5 10.0 0.04111111111111111 0.04246284501061571
5 176.0 38.0 0.1111111111111111 0.1613588110403397
4 116.0 65.0 0.18888888888888888 0.2760084925690021
5 223.0 32.5 0.07333333333333333 0.13800424628450106
5 322.5 26.0 0.07222222222222222 0.11040339702760085
5 361.5 23.0 0.08777777777777777 0.09766454352441614
5 217.5 21.0 0.052222222222222225 0.08917197452229299
5 315.5 19.5 0.03666666666666667 0.08280254777070063
5 337.0 18.5 0.06 0.07855626326963906
5 324.5 18.5 0.06777777777777778 0.07855626326963906
4 485.0 11.5 0.05333333333333334 0.04883227176220807
17 217.5 16.5 0.043333333333333335 0.07006369426751592
17 240.0 15.5 0.035555555555555556 0.06581740976645435
13 266.5 6.5 0.01888888888888889 0.027600849256900213
13 185.0 7.5 0.02666666666666667 0.03184713375796178
