13 2068.0 400.0 0.3104575163398693 0.24509803921568626
5 798.5 300.0 0.3901143790849673 0.18382352941176472
5 1373.5 127.5 0.2512254901960784 0.078125
10 74.0 87.5 0.0457516339869281 0.05361519607843137
13 501.5 82.5 0.07066993464052287 0.050551470588235295
13 259.0 106.0 0.05392156862745098 0.06495098039215687
13 1543.0 108.5 0.10212418300653595 0.0664828431372549
13 1738.0 153.5 0.05310457516339869 0.0940563725490196
13 389.0 127.5 0.04003267973856209 0.078125
5 109.5 103.5 0.0886437908496732 0.06341911764705882
4 59.5 61.5 0.04779411764705882 0.03768382352941176
17 1196.5 37.5 0.08700980392156862 0.02297794117647059
5 735.0 42.5 0.09803921568627451 0.026041666666666668
13 957.5 103.5 0.08374183006535947 0.06341911764705882
13 651.5 46.0 0.03145424836601307 0.028186274509803922
13 834.0 31.0 0.029411764705882353 0.018995098039215685
13 2014.0 62.5 0.05800653594771242 0.03829656862745098
