4 323.5 52.5 0.17763157894736842 0.13636363636363635
4 351.5 14.0 0.125 0.03636363636363636
4 392.5 21.0 0.11447368421052631 0.05454545454545454
4 473.0 30.0 0.13421052631578947 0.07792207792207792
4 175.0 40.0 0.23684210526315788 0.1038961038961039
4 447.0 26.5 0.22631578947368422 0.06883116883116883
4 357.0 102.5 0.06842105263157895 0.2662337662337662
4 169.0 77.0 0.4131578947368421 0.2
10 227.0 18.5 0.04736842105263158 0.048051948051948054
10 250.0 29.0 0.02368421052631579 0.07532467532467532
4 521.0 73.5 0.37894736842105264 0.19090909090909092
10 444.5 33.0 0.05131578947368421 0.08571428571428572
4 500.5 13.5 0.12763157894736843 0.03506493506493506
4 453.5 13.0 0.13815789473684212 0.033766233766233764
4 429.0 33.0 0.04736842105263158 0.08571428571428572
4 617.5 18.5 0.0881578947368421 0.048051948051948054
4 614.5 25.5 0.10921052631578948 0.06623376623376623
5 612.5 21.0 0.14868421052631578 0.05454545454545454
11 307.0 49.0 0.09210526315789473 0.12727272727272726
7 535.5 15.0 0.07236842105263158 0.03896103896103896
9 542.0 18.5 0.12105263157894737 0.048051948051948054
5 591.5 31.5 0.10657894736842105 0.08181818181818182
5 641.5 29.5 0.11447368421052631 0.07662337662337662
5 639.0 30.0 0.11842105263157894 0.07792207792207792
5 680.0 48.0 0.11842105263157894 0.12467532467532468
5 717.5 31.5 0.10921052631578948 0.08181818181818182
5 582.0 20.0 0.05263157894736842 0.05194805194805195
5 189.0 25.0 0.06842105263157895 0.06493506493506493
3 27.0 13.0 0.034210526315789476 0.033766233766233764
9 739.0 74.0 0.05526315789473684 0.19220779220779222
15 724.0 49.5 0.09473684210526316 0.12857142857142856
9 726.5 24.0 0.0881578947368421 0.06233766233766234
15 630.0 25.0 0.1 0.06493506493506493
5 578.0 27.5 0.031578947368421054 0.07142857142857142
9 734.0 24.0 0.06842105263157895 0.06233766233766234
9 727.5 35.5 0.08552631578947369 0.09220779220779221
9 691.0 24.5 0.06578947368421052 0.06363636363636363
5 554.0 18.5 0.05263157894736842 0.048051948051948054
4 736.0 33.5 0.034210526315789476 0.08701298701298701
11 542.5 13.0 0.05131578947368421 0.033766233766233764
4 686.5 13.0 0.08026315789473684 0.033766233766233764
9 694.5 10.5 0.056578947368421055 0.02727272727272727
5 708.0 9.0 0.042105263157894736 0.023376623376623377
11 735.0 14.0 0.034210526315789476 0.03636363636363636
4 460.5 12.5 0.05131578947368421 0.032467532467532464
4 433.0 11.5 0.060526315789473685 0.02987012987012987
4 461.5 18.5 0.075 0.048051948051948054
4 512.0 21.0 0.06578947368421052 0.05454545454545454
4 483.5 19.5 0.09868421052631579 0.05064935064935065
4 608.0 6.0 0.04736842105263158 0.015584415584415584
11 599.0 8.0 0.03684210526315789 0.02077922077922078
15 721.0 11.5 0.05263157894736842 0.02987012987012987
9 556.5 7.5 0.019736842105263157 0.01948051948051948
11 749.0 16.5 0.02894736842105263 0.04285714285714286
4 701.0 9.0 0.034210526315789476 0.023376623376623377
4 676.0 12.5 0.02894736842105263 0.032467532467532464
4 525.0 7.5 0.02894736842105263 0.01948051948051948
4 510.0 12.5 0.031578947368421054 0.032467532467532464
5 549.0 6.0 0.018421052631578946 0.015584415584415584
15 553.5 5.0 0.035526315789473684 0.012987012987012988
4 487.5 11.5 0.030263157894736843 0.02987012987012987
4 483.0 5.0 0.031578947368421054 0.012987012987012988
