5 351.5 60.5 0.13471901462663588 0.13940092165898618
4 320.0 92.5 0.13702848344880678 0.21313364055299538
4 135.5 109.5 0.15165511932255582 0.2523041474654378
4 34.5 96.5 0.05157813702848345 0.22235023041474655
4 262.0 40.5 0.0800615858352579 0.09331797235023041
4 239.5 24.0 0.0962278675904542 0.055299539170506916
4 381.5 79.0 0.12240184757505773 0.18202764976958524
9 572.5 79.5 0.1147036181678214 0.18317972350230416
9 530.0 30.5 0.0939183987682833 0.07027649769585254
5 747.5 61.0 0.12086220169361046 0.14055299539170507
5 705.5 55.5 0.0869899923017706 0.12788018433179724
5 685.0 43.0 0.07852193995381063 0.09907834101382489
9 524.5 39.5 0.0731331793687452 0.09101382488479262
5 1008.5 37.0 0.08852963818321787 0.08525345622119816
5 1194.5 53.0 0.14857582755966128 0.12211981566820276
5 1140.0 34.5 0.09699769053117784 0.07949308755760369
5 1217.5 31.5 0.0962278675904542 0.07258064516129033
5 1269.5 69.0 0.04541955350269438 0.15898617511520738
5 1075.0 31.5 0.04772902232486528 0.07258064516129033
4 1243.0 55.0 0.08622016936104696 0.12672811059907835
4 1124.5 47.5 0.09930715935334873 0.10944700460829493
4 1028.0 46.0 0.1031562740569669 0.10599078341013825
4 822.5 41.5 0.09776751347190146 0.0956221198156682
5 654.0 20.0 0.06928406466512702 0.04608294930875576
4 453.5 23.0 0.06081601231716705 0.052995391705069124
11 746.0 58.0 0.07544264819091609 0.1336405529953917
11 897.0 42.0 0.07082371054657428 0.0967741935483871
19 982.0 29.0 0.05850654349499615 0.06682027649769585
9 403.0 20.5 0.05234795996920708 0.04723502304147465
5 508.5 23.0 0.04849884526558892 0.052995391705069124
4 339.0 27.5 0.05234795996920708 0.06336405529953917
4 314.5 62.0 0.06851424172440339 0.14285714285714285
4 513.0 27.5 0.061585835257890686 0.06336405529953917
15 620.0 36.0 0.06312548113933796 0.08294930875576037
5 644.0 25.5 0.061585835257890686 0.0587557603686636
5 579.0 25.0 0.046189376443418015 0.0576036866359447
5 472.0 10.5 0.020015396458814474 0.024193548387096774
5 502.0 10.5 0.020015396458814474 0.024193548387096774
4 435.5 22.5 0.05157813702848345 0.05184331797235023
4 399.5 28.0 0.06697459584295612 0.06451612903225806
5 526.0 11.0 0.05388760585065435 0.02534562211981567
5 532.0 12.5 0.07082371054657428 0.02880184331797235
5 522.0 16.0 0.07236335642802155 0.03686635944700461
5 1270.5 33.5 0.04387990762124711 0.0771889400921659
11 1173.0 69.0 0.11085450346420324 0.15898617511520738
4 968.5 23.5 0.08391070053887606 0.05414746543778802
5 773.5 19.0 0.04541955350269438 0.04377880184331797
5 990.5 11.0 0.05157813702848345 0.02534562211981567
9 973.5 25.0 0.033102386451116246 0.0576036866359447
4 867.0 29.0 0.04003079291762895 0.06682027649769585
11 680.0 27.5 0.03387220939183987 0.06336405529953917
4 616.0 14.5 0.029253271747498075 0.03341013824884793
5 683.5 10.0 0.025404157043879907 0.02304147465437788
5 651.0 10.5 0.020015396458814474 0.024193548387096774
4 407.0 9.0 0.03849114703618168 0.020737327188940093
4 385.0 18.0 0.016936104695919937 0.041474654377880185
4 727.0 18.0 0.030792917628945343 0.041474654377880185
4 684.0 21.0 0.030792917628945343 0.04838709677419355
