13 57.5 94.5 0.07066916823014384 0.17763157894736842
13 29.5 57.0 0.03564727954971857 0.10714285714285714
13 182.0 52.5 0.07379612257661038 0.09868421052631579
13 321.5 53.5 0.07066916823014384 0.10056390977443609
13 393.0 44.0 0.050031269543464665 0.08270676691729323
13 344.5 30.5 0.01813633520950594 0.05733082706766917
13 1127.0 77.5 0.03627267041901188 0.14567669172932332
13 1213.0 88.5 0.075046904315197 0.16635338345864661
13 1366.0 116.5 0.07754846779237023 0.21898496240601503
13 1234.0 70.5 0.06128830519074421 0.1325187969924812
13 1332.0 63.0 0.06128830519074421 0.11842105263157894
13 1274.5 47.5 0.04065040650406504 0.08928571428571429
13 1212.0 57.5 0.05628517823639775 0.1080827067669173
3 1139.5 90.5 0.03564727954971857 0.17011278195488722
12 936.0 104.0 0.07754846779237023 0.19548872180451127
10 700.0 34.0 0.035021888680425266 0.06390977443609022
5 799.0 58.5 0.07129455909943715 0.1099624060150376
5 711.0 84.0 0.0675422138836773 0.15789473684210525
11 534.0 194.0 0.1801125703564728 0.36466165413533835
4 955.0 115.0 0.18761726078799248 0.2161654135338346
4 1007.0 225.0 0.133833646028768 0.42293233082706766
5 1143.0 49.5 0.05628517823639775 0.09304511278195489
5 30.0 44.0 0.032520325203252036 0.08270676691729323
5 356.0 64.5 0.11632270168855535 0.1212406015037594
13 22.5 26.0 0.02564102564102564 0.04887218045112782
13 13.5 15.5 0.015634771732332707 0.02913533834586466
13 25.0 27.0 0.023764853033145718 0.05075187969924812
13 145.0 17.0 0.025015634771732333 0.03195488721804511
13 184.5 18.5 0.021888680425265792 0.03477443609022556
13 212.0 21.0 0.023764853033145718 0.039473684210526314
13 152.0 12.0 0.0225140712945591 0.022556390977443608
13 255.0 11.0 0.023764853033145718 0.020676691729323307
13 290.0 13.0 0.021263289555972485 0.02443609022556391
13 324.0 17.5 0.023764853033145718 0.03289473684210526
13 358.5 13.5 0.021888680425265792 0.02537593984962406
13 202.0 13.0 0.01876172607879925 0.02443609022556391
15 325.5 26.0 0.09318323952470293 0.04887218045112782
7 184.0 41.0 0.1275797373358349 0.07706766917293233
7 312.0 47.5 0.10756722951844903 0.08928571428571429
17 560.0 34.0 0.03877423389618512 0.06390977443609022
7 599.5 24.5 0.04440275171982489 0.046052631578947366
9 596.5 52.5 0.07317073170731707 0.09868421052631579
15 390.5 33.0 0.04940587867417136 0.06203007518796992
5 515.0 25.0 0.05128205128205128 0.046992481203007516
13 314.0 13.5 0.017510944340212633 0.02537593984962406
13 351.0 7.5 0.016260162601626018 0.014097744360902255
13 381.5 12.5 0.01938711694809256 0.023496240601503758
13 400.0 13.0 0.021263289555972485 0.02443609022556391
13 465.5 13.0 0.015634771732332707 0.02443609022556391
13 436.5 12.5 0.011882426516572859 0.023496240601503758
13 475.5 16.0 0.023139462163852407 0.03007518796992481
13 532.0 18.5 0.020012507817385866 0.03477443609022556
13 560.5 13.5 0.013133208255159476 0.02537593984962406
13 517.5 20.0 0.01813633520950594 0.03759398496240601
13 268.0 13.0 0.016260162601626018 0.02443609022556391
10 501.0 15.5 0.010006253908692933 0.02913533834586466
1 687.5 29.0 0.05565978736710444 0.05451127819548872
10 741.0 21.5 0.016260162601626018 0.040413533834586464
13 665.5 20.0 0.021888680425265792 0.03759398496240601
13 711.5 20.0 0.016885553470919325 0.03759398496240601
13 759.0 15.5 0.016260162601626018 0.02913533834586466
5 590.0 11.0 0.03377110694183865 0.020676691729323307
5 634.5 15.5 0.03189493433395872 0.02913533834586466
5 676.0 15.5 0.027517198248905566 0.02913533834586466
5 698.5 14.5 0.021888680425265792 0.02725563909774436
5 726.0 16.0 0.0300187617260788 0.03007518796992481
13 629.0 10.0 0.013758599124452783 0.018796992481203006
13 653.0 10.5 0.012507817385866166 0.019736842105263157
11 648.5 11.0 0.016885553470919325 0.020676691729323307
13 684.5 8.5 0.011882426516572859 0.015977443609022556
13 757.5 9.0 0.011882426516572859 0.016917293233082706
13 785.0 9.0 0.010006253908692933 0.016917293233082706
17 791.0 18.0 0.02626641651031895 0.03383458646616541
5 821.0 15.0 0.035021888680425266 0.02819548872180451
5 804.5 11.0 0.016885553470919325 0.020676691729323307
5 888.5 23.5 0.030644152595372107 0.044172932330827065
5 901.5 15.5 0.023139462163852407 0.02913533834586466
4 953.5 73.5 0.060662914321450906 0.13815789473684212
5 1016.5 31.5 0.029393370856785492 0.05921052631578947
10 1076.5 31.0 0.015634771732332707 0.05827067669172932
5 1049.0 22.5 0.028767979987492184 0.042293233082706765
5 1002.5 18.5 0.024390243902439025 0.03477443609022556
5 1043.5 15.0 0.023139462163852407 0.02819548872180451
5 1029.5 18.5 0.02564102564102564 0.03477443609022556
13 1263.5 38.5 0.03689806128830519 0.07236842105263158
13 1254.0 41.5 0.0375234521575985 0.07800751879699248
3 1561.5 64.0 0.03564727954971857 0.12030075187969924
3 1536.5 47.5 0.07817385866166354 0.08928571428571429
13 1373.5 40.0 0.041901188242651655 0.07518796992481203
13 1356.0 44.5 0.03877423389618512 0.08364661654135339
13 1450.5 46.5 0.05065666041275797 0.08740601503759399
13 1531.5 43.5 0.041901188242651655 0.08176691729323309
13 1585.0 42.0 0.017510944340212633 0.07894736842105263
13 1219.5 34.0 0.04065040650406504 0.06390977443609022
13 1174.5 13.0 0.02689180737961226 0.02443609022556391
13 1287.5 17.5 0.021888680425265792 0.03289473684210526
5 1360.0 33.0 0.11006879299562226 0.06203007518796992
12 1518.5 48.5 0.10068792995622264 0.09116541353383459
13 1576.0 14.5 0.0225140712945591 0.02725563909774436
17 1432.5 28.5 0.016885553470919325 0.05357142857142857
17 1156.0 35.5 0.05753595997498437 0.06672932330827068
13 1099.0 17.5 0.01876172607879925 0.03289473684210526
5 1191.0 22.5 0.043777360850531584 0.042293233082706765
5 1160.5 15.0 0.029393370856785492 0.02819548872180451
5 1144.5 14.0 0.028142589118198873 0.02631578947368421
13 1103.0 11.0 0.0150093808630394 0.020676691729323307
13 1079.0 17.0 0.012507817385866166 0.03195488721804511
17 1034.0 8.5 0.012507817385866166 0.015977443609022556
17 1012.0 8.0 0.013758599124452783 0.015037593984962405
7 1008.5 7.0 0.015634771732332707 0.013157894736842105
4 927.5 20.5 0.02564102564102564 0.03853383458646616
5 1011.5 11.0 0.011882426516572859 0.020676691729323307
7 1040.0 11.0 0.012507817385866166 0.020676691729323307
5 987.0 9.5 0.008755472170106316 0.017857142857142856
4 1030.5 7.5 0.013133208255159476 0.014097744360902255
4 1004.0 8.0 0.0150093808630394 0.015037593984962405
5 1074.0 9.0 0.016260162601626018 0.016917293233082706
5 982.5 10.5 0.01813633520950594 0.019736842105263157
5 912.0 9.0 0.013758599124452783 0.016917293233082706
5 883.0 8.5 0.012507817385866166 0.015977443609022556
13 610.0 14.0 0.012507817385866166 0.02631578947368421
5 740.5 21.0 0.03814884302689181 0.039473684210526314
