17 1498.0 107.0 0.12132582864290181 0.20112781954887218
5 1139.0 63.5 0.13133208255159476 0.1193609022556391
13 682.0 49.0 0.08505315822388994 0.09210526315789473
13 520.0 86.5 0.0975609756097561 0.162593984962406
13 321.0 78.5 0.09881175734834272 0.1475563909774436
13 176.5 105.0 0.11069418386491557 0.19736842105263158
13 98.0 91.5 0.11882426516572858 0.17199248120300753
13 365.0 107.5 0.18261413383364603 0.20206766917293234
13 262.0 68.0 0.06128830519074421 0.12781954887218044
13 93.0 72.0 0.0675422138836773 0.13533834586466165
13 169.5 60.0 0.04815509693558474 0.11278195488721804
13 905.0 65.5 0.058786741713570984 0.1231203007518797
13 699.5 25.5 0.024390243902439025 0.047932330827067667
7 598.0 109.0 0.11882426516572858 0.20488721804511278
7 648.0 69.5 0.07879924953095685 0.13063909774436092
7 679.0 79.5 0.08505315822388994 0.14943609022556392
7 983.0 66.0 0.07379612257661038 0.12406015037593984
7 1367.0 48.0 0.10256410256410256 0.09022556390977443
11 1480.5 137.5 0.14821763602251406 0.25845864661654133
4 1102.0 56.5 0.10881801125703565 0.106203007518797
13 38.0 59.0 0.046278924327704814 0.11090225563909774
13 128.0 36.0 0.035021888680425266 0.06766917293233082
13 305.0 97.5 0.07379612257661038 0.18327067669172933
13 420.5 87.5 0.04440275171982489 0.16447368421052633
13 273.0 62.0 0.0525328330206379 0.11654135338345864
13 246.5 81.0 0.05065666041275797 0.15225563909774437
13 307.0 52.0 0.04127579737335835 0.09774436090225563
13 376.0 59.0 0.035021888680425266 0.11090225563909774
13 393.0 28.0 0.03877423389618512 0.05263157894736842
13 96.5 47.0 0.03689806128830519 0.08834586466165413
13 245.0 45.0 0.047529706066291436 0.08458646616541353
13 190.0 35.5 0.035021888680425266 0.06672932330827068
13 187.5 20.5 0.024390243902439025 0.03853383458646616
13 268.5 41.5 0.03439649781113196 0.07800751879699248
13 238.0 38.0 0.0300187617260788 0.07142857142857142
13 335.0 43.0 0.03877423389618512 0.08082706766917293
13 354.0 41.0 0.028767979987492184 0.07706766917293233
13 416.5 28.0 0.030644152595372107 0.05263157894736842
13 421.0 13.5 0.028767979987492184 0.02537593984962406
13 447.5 38.5 0.03564727954971857 0.07236842105263158
13 449.5 18.5 0.024390243902439025 0.03477443609022556
13 309.0 29.0 0.0225140712945591 0.05451127819548872
13 311.5 9.0 0.021888680425265792 0.016917293233082706
13 483.5 31.5 0.02689180737961226 0.05921052631578947
13 464.0 29.0 0.0225140712945591 0.05451127819548872
13 447.0 26.5 0.021263289555972485 0.04981203007518797
13 511.5 18.5 0.013133208255159476 0.03477443609022556
13 444.0 16.5 0.0150093808630394 0.03101503759398496
11 408.0 25.0 0.031269543464665414 0.046992481203007516
12 496.0 16.5 0.0225140712945591 0.03101503759398496
15 555.0 34.5 0.07129455909943715 0.06484962406015038
5 560.0 22.5 0.07254534083802376 0.042293233082706765
5 548.0 43.5 0.06378986866791744 0.08176691729323309
5 642.5 36.0 0.04690431519699812 0.06766917293233082
5 555.0 20.5 0.058786741713570984 0.03853383458646616
5 553.5 22.5 0.04440275171982489 0.042293233082706765
5 557.5 18.5 0.039399624765478425 0.03477443609022556
5 568.0 20.5 0.03377110694183865 0.03853383458646616
5 564.5 12.0 0.030644152595372107 0.022556390977443608
5 565.0 11.5 0.028767979987492184 0.021616541353383457
11 619.5 26.5 0.02689180737961226 0.04981203007518797
5 645.5 14.0 0.013133208255159476 0.02631578947368421
5 575.5 9.5 0.024390243902439025 0.017857142857142856
5 574.0 6.5 0.021263289555972485 0.012218045112781954
5 577.0 3.5 0.0150093808630394 0.006578947368421052
5 586.0 11.0 0.01876172607879925 0.020676691729323307
5 625.0 12.5 0.0225140712945591 0.023496240601503758
5 583.0 5.0 0.017510944340212633 0.009398496240601503
5 588.5 6.5 0.016885553470919325 0.012218045112781954
5 587.5 7.0 0.015634771732332707 0.013157894736842105
5 589.5 5.0 0.015634771732332707 0.009398496240601503
5 589.5 7.5 0.01813633520950594 0.014097744360902255
13 552.0 14.0 0.010006253908692933 0.02631578947368421
13 527.5 12.5 0.010631644777986242 0.023496240601503758
13 661.5 12.5 0.009380863039399626 0.023496240601503758
13 632.5 12.5 0.010631644777986242 0.023496240601503758
13 617.5 11.0 0.009380863039399626 0.020676691729323307
13 569.5 7.0 0.0068792995622263915 0.013157894736842105
13 650.5 10.0 0.0068792995622263915 0.018796992481203006
7 644.0 11.0 0.01125703564727955 0.020676691729323307
13 561.0 7.5 0.006253908692933083 0.014097744360902255
9 675.5 8.0 0.0068792995622263915 0.015037593984962405
4 691.5 14.5 0.015634771732332707 0.02725563909774436
17 704.0 6.0 0.008755472170106316 0.011278195488721804
5 702.0 9.5 0.013758599124452783 0.017857142857142856
9 549.0 8.0 0.01125703564727955 0.015037593984962405
13 1512.5 34.5 0.056910569105691054 0.06484962406015038
13 1569.0 34.5 0.035021888680425266 0.06484962406015038
13 1472.5 17.5 0.023139462163852407 0.03289473684210526
13 1426.5 19.5 0.03564727954971857 0.03665413533834586
5 1478.5 18.0 0.054409005628517824 0.03383458646616541
10 1275.0 16.0 0.01876172607879925 0.03007518796992481
17 1282.0 35.0 0.008755472170106316 0.06578947368421052
5 1223.5 33.0 0.04440275171982489 0.06203007518796992
5 1357.0 19.5 0.05128205128205128 0.03665413533834586
5 1295.5 20.0 0.03564727954971857 0.03759398496240601
4 1218.0 44.5 0.0525328330206379 0.08364661654135339
4 1176.0 30.5 0.09380863039399624 0.05733082706766917
5 1009.5 17.5 0.01813633520950594 0.03289473684210526
5 948.5 23.5 0.039399624765478425 0.044172932330827065
5 924.5 12.5 0.02689180737961226 0.023496240601503758
5 998.0 13.0 0.021263289555972485 0.02443609022556391
12 969.5 37.5 0.03189493433395872 0.07048872180451128
4 871.5 32.5 0.05190744215134459 0.06109022556390977
13 934.5 18.0 0.013133208255159476 0.03383458646616541
5 1030.5 18.0 0.030644152595372107 0.03383458646616541
4 817.0 20.0 0.023764853033145718 0.03759398496240601
5 849.0 10.0 0.013758599124452783 0.018796992481203006
13 684.5 18.0 0.013133208255159476 0.03383458646616541
13 471.5 12.0 0.023139462163852407 0.022556390977443608
5 1297.5 55.0 0.08067542213883677 0.10338345864661654
5 1201.5 38.5 0.07942464040025016 0.07236842105263158
10 1105.0 18.0 0.021263289555972485 0.03383458646616541
