4 541.5 49.0 0.077 0.13066666666666665
4 715.0 38.5 0.07 0.10266666666666667
17 43.0 47.5 0.074 0.12666666666666668
17 409.5 33.5 0.077 0.08933333333333333
9 43.0 74.0 0.078 0.19733333333333333
15 101.0 45.0 0.15 0.12
15 206.5 27.5 0.213 0.07333333333333333
15 244.5 40.5 0.215 0.108
5 333.0 58.0 0.21 0.15466666666666667
5 381.0 36.5 0.148 0.09733333333333333
9 521.0 68.0 0.158 0.18133333333333335
15 683.5 43.0 0.087 0.11466666666666667
4 504.5 52.5 0.097 0.14
9 600.5 38.5 0.209 0.10266666666666667
9 585.5 51.0 0.063 0.136
9 809.5 43.0 0.077 0.11466666666666667
9 834.0 30.0 0.076 0.08
17 476.5 17.5 0.053 0.04666666666666667
5 46.5 22.0 0.087 0.058666666666666666
15 159.0 35.5 0.154 0.09466666666666666
5 789.5 28.0 0.065 0.07466666666666667
0 872.0 33.5 0.064 0.08933333333333333
15 795.5 26.5 0.067 0.07066666666666667
17 841.0 23.0 0.04 0.06133333333333333
5 888.0 21.5 0.074 0.05733333333333333
9 908.5 31.0 0.063 0.08266666666666667
17 939.5 22.0 0.027 0.058666666666666666
5 963.0 16.5 0.034 0.044
17 851.5 9.5 0.031 0.025333333333333333
17 836.5 11.5 0.037 0.030666666666666665
17 840.0 6.0 0.024 0.016
4 720.0 49.5 0.08 0.132
4 726.0 7.0 0.052 0.018666666666666668
4 742.0 12.0 0.07 0.032
11 889.0 17.0 0.052 0.04533333333333334
9 925.0 13.0 0.032 0.034666666666666665
11 790.0 16.0 0.042 0.042666666666666665
4 948.0 14.5 0.104 0.03866666666666667
4 813.0 19.0 0.124 0.050666666666666665
4 953.0 4.5 0.092 0.012
4 698.5 13.5 0.091 0.036
4 778.0 11.5 0.056 0.030666666666666665
4 740.0 7.0 0.054 0.018666666666666668
4 793.5 20.5 0.035 0.05466666666666667
15 841.5 12.0 0.029 0.032
5 880.5 9.5 0.031 0.025333333333333333
9 952.0 8.0 0.026 0.021333333333333333
5 978.0 9.0 0.028 0.024
4 590.5 57.5 0.159 0.15333333333333332
10 609.5 19.5 0.039 0.052
5 248.0 18.5 0.052 0.04933333333333333
5 338.0 17.5 0.094 0.04666666666666667
9 449.0 15.5 0.09 0.04133333333333333
11 375.5 19.0 0.101 0.050666666666666665
11 939.0 11.0 0.028 0.029333333333333333
13 851.0 8.0 0.014 0.021333333333333333
5 702.5 4.0 0.029 0.010666666666666666
