5 57.0 27.0 0.08622016936104696 0.06228373702422145
5 151.0 20.5 0.06466512702078522 0.04728950403690888
5 252.5 14.0 0.054657428791377985 0.03229527104959631
11 149.5 24.5 0.08545034642032333 0.05651672433679354
5 279.0 21.5 0.08314087759815242 0.049596309111880045
11 451.5 30.0 0.0731331793687452 0.06920415224913495
17 531.0 18.0 0.044649730561970746 0.04152249134948097
11 591.5 22.5 0.05157813702848345 0.05190311418685121
5 631.5 17.0 0.06235565819861432 0.0392156862745098
5 712.5 14.5 0.057736720554272515 0.03344867358708189
17 739.5 6.0 0.026943802925327175 0.01384083044982699
17 776.5 6.5 0.02386451116243264 0.014994232987312572
5 801.0 12.5 0.05234795996920708 0.02883506343713956
14 848.0 12.0 0.013856812933025405 0.02768166089965398
5 870.5 11.5 0.03002309468822171 0.0265282583621684
14 904.0 11.0 0.015396458814472672 0.025374855824682813
9 842.0 9.5 0.03695150115473441 0.02191464821222607
17 920.0 13.0 0.015396458814472672 0.029988465974625143
17 936.0 12.5 0.018475750577367205 0.02883506343713956
17 962.0 11.5 0.018475750577367205 0.0265282583621684
17 985.0 12.5 0.020015396458814474 0.02883506343713956
9 915.5 6.5 0.03464203233256351 0.014994232987312572
4 1038.0 16.0 0.04157043879907621 0.03690888119953864
4 1102.5 9.0 0.025404157043879907 0.020761245674740483
5 955.0 4.0 0.016936104695919937 0.00922722029988466
5 514.5 12.0 0.05003849114703618 0.02768166089965398
10 579.0 8.5 0.015396458814472672 0.0196078431372549
5 552.5 11.0 0.04695919938414165 0.025374855824682813
10 703.0 11.0 0.013856812933025405 0.025374855824682813
10 711.5 9.0 0.011547344110854504 0.020761245674740483
17 736.0 10.0 0.020015396458814474 0.02306805074971165
5 730.5 13.5 0.037721324095458045 0.031141868512110725
5 777.0 10.0 0.016936104695919937 0.02306805074971165
17 895.5 8.0 0.014626635873749037 0.01845444059976932
5 870.0 9.0 0.012317167051578136 0.020761245674740483
17 892.5 8.5 0.014626635873749037 0.0196078431372549
4 899.5 16.0 0.033102386451116246 0.03690888119953864
10 935.0 8.0 0.01077752117013087 0.01845444059976932
15 1042.5 11.5 0.011547344110854504 0.0265282583621684
4 181.5 69.5 0.18706697459584296 0.16032295271049596
4 432.5 71.0 0.17013086989992302 0.1637831603229527
10 157.0 34.5 0.05696689761354888 0.07958477508650519
5 265.0 61.5 0.1447267128560431 0.14186851211072665
10 389.0 21.5 0.03541185527328714 0.049596309111880045
17 403.0 40.0 0.06774441878367975 0.0922722029988466
5 533.0 52.0 0.09237875288683603 0.11995386389850057
5 495.5 47.0 0.08852963818321787 0.10841983852364476
4 573.5 87.0 0.25635103926096997 0.20069204152249134
5 701.0 32.5 0.06620477290223249 0.07497116493656286
5 590.0 22.0 0.07698229407236336 0.05074971164936563
9 614.0 48.5 0.08314087759815242 0.1118800461361015
17 707.0 28.5 0.04157043879907621 0.0657439446366782
17 722.5 26.5 0.04541955350269438 0.06113033448673587
5 705.5 26.0 0.056197074672825253 0.05997693194925029
5 805.0 57.5 0.06774441878367975 0.13264129181084197
5 776.0 25.5 0.06004618937644342 0.058823529411764705
5 795.5 42.0 0.06543494996150885 0.09688581314878893
5 754.5 22.5 0.054657428791377985 0.05190311418685121
17 837.5 27.0 0.033102386451116246 0.06228373702422145
11 811.5 46.0 0.06081601231716705 0.1061130334486736
17 1027.5 20.5 0.01770592763664357 0.04728950403690888
17 876.0 9.5 0.02155504234026174 0.02191464821222607
4 925.5 98.5 0.13471901462663588 0.22722029988465975
4 932.0 62.0 0.1031562740569669 0.14302191464821223
11 891.5 38.5 0.059276366435719784 0.08881199538638986
7 941.5 18.0 0.036181678214010776 0.04152249134948097
7 1030.5 14.0 0.026943802925327175 0.03229527104959631
7 1160.0 14.0 0.012317167051578136 0.03229527104959631
7 1019.0 26.5 0.03233256351039261 0.06113033448673587
4 1065.0 57.0 0.08314087759815242 0.1314878892733564
4 1087.0 29.0 0.029253271747498075 0.06689734717416378
5 976.5 14.5 0.02386451116243264 0.03344867358708189
17 1047.0 12.0 0.015396458814472672 0.02768166089965398
17 1057.5 9.5 0.01924557351809084 0.02191464821222607
17 994.5 10.5 0.01770592763664357 0.02422145328719723
5 856.0 18.0 0.02771362586605081 0.04152249134948097
18 999.5 25.5 0.053117782909930716 0.058823529411764705
18 1133.0 27.0 0.03233256351039261 0.06228373702422145
5 1049.5 14.0 0.026943802925327175 0.03229527104959631
17 1062.5 11.0 0.01308698999230177 0.025374855824682813
4 1029.0 24.5 0.04772902232486528 0.05651672433679354
4 1165.5 18.5 0.01924557351809084 0.04267589388696655
5 1121.0 8.5 0.012317167051578136 0.0196078431372549
9 1092.0 11.5 0.02155504234026174 0.0265282583621684
5 1195.5 8.0 0.010007698229407237 0.01845444059976932
5 1119.5 7.5 0.01770592763664357 0.01730103806228374
15 1166.0 10.0 0.020015396458814474 0.02306805074971165
5 1177.5 6.0 0.010007698229407237 0.01384083044982699
5 1145.0 7.5 0.013856812933025405 0.01730103806228374
4 1132.5 9.0 0.020785219399538105 0.020761245674740483
5 994.0 5.0 0.018475750577367205 0.011534025374855825
