10 16.5 29.0 0.02386451116243264 0.06705202312138728
5 129.5 30.5 0.09776751347190146 0.07052023121387284
5 654.5 30.5 0.053117782909930716 0.07052023121387284
5 704.5 30.5 0.06389530408006158 0.07052023121387284
5 749.5 29.0 0.04080061585835258 0.06705202312138728
5 817.0 8.5 0.012317167051578136 0.019653179190751446
5 771.0 9.5 0.016936104695919937 0.021965317919075144
5 753.5 10.5 0.01308698999230177 0.024277456647398842
5 790.0 8.0 0.013856812933025405 0.018497109826589597
5 800.0 7.0 0.012317167051578136 0.016184971098265895
5 781.0 8.0 0.012317167051578136 0.018497109826589597
15 755.5 7.5 0.014626635873749037 0.017341040462427744
17 777.0 17.5 0.018475750577367205 0.04046242774566474
17 806.0 21.0 0.02617397998460354 0.048554913294797684
17 781.5 12.0 0.01770592763664357 0.027745664739884393
17 815.5 12.0 0.016166281755196306 0.027745664739884393
13 1020.0 23.5 0.03387220939183987 0.05433526011560694
13 916.5 32.5 0.026943802925327175 0.07514450867052024
13 940.0 25.0 0.023094688221709007 0.057803468208092484
13 930.5 8.0 0.016166281755196306 0.018497109826589597
5 973.5 38.0 0.06081601231716705 0.08786127167630058
5 927.0 19.5 0.03233256351039261 0.04508670520231214
13 858.5 5.0 0.010007698229407237 0.011560693641618497
13 855.5 8.0 0.010007698229407237 0.018497109826589597
9 892.0 9.0 0.020015396458814474 0.020809248554913295
5 823.5 4.0 0.006928406466512702 0.009248554913294798
4 809.5 10.0 0.010007698229407237 0.023121387283236993
4 845.0 8.5 0.01077752117013087 0.019653179190751446
17 765.5 6.5 0.010007698229407237 0.015028901734104046
17 780.0 5.5 0.009237875288683603 0.012716763005780347
5 792.0 5.0 0.01077752117013087 0.011560693641618497
4 730.0 30.5 0.04003079291762895 0.07052023121387284
