17 114.5 26.5 0.036181678214010776 0.06127167630057803
13 101.0 16.5 0.030792917628945343 0.03815028901734104
13 59.0 22.0 0.03387220939183987 0.05086705202312139
13 137.5 20.5 0.03002309468822171 0.047398843930635835
13 153.5 20.5 0.03002309468822171 0.047398843930635835
5 104.0 12.0 0.06004618937644342 0.027745664739884393
10 54.5 20.0 0.05003849114703618 0.046242774566473986
15 142.5 23.5 0.05003849114703618 0.05433526011560694
4 21.0 13.5 0.029253271747498075 0.03121387283236994
4 73.0 13.5 0.044649730561970746 0.03121387283236994
4 157.5 32.0 0.08852963818321787 0.07398843930635839
4 225.5 42.0 0.09314857582755966 0.09710982658959537
4 246.5 40.0 0.07929176289453425 0.09248554913294797
4 351.5 59.0 0.09776751347190146 0.13641618497109825
4 504.0 52.0 0.1308698999230177 0.12023121387283237
10 485.0 15.0 0.024634334103156273 0.03468208092485549
11 434.0 24.5 0.06004618937644342 0.056647398843930635
11 331.0 28.5 0.07390300230946882 0.06589595375722543
11 253.5 26.5 0.054657428791377985 0.06127167630057803
17 602.5 13.0 0.03002309468822171 0.03005780346820809
13 615.0 16.5 0.03695150115473441 0.03815028901734104
18 684.0 20.0 0.06620477290223249 0.046242774566473986
17 827.0 21.5 0.030792917628945343 0.04971098265895954
4 811.0 42.0 0.10469591993841416 0.09710982658959537
13 906.5 14.5 0.016166281755196306 0.03352601156069364
17 958.5 15.5 0.022324865280985373 0.035838150289017344
4 981.5 35.0 0.054657428791377985 0.08092485549132948
5 991.0 10.5 0.024634334103156273 0.024277456647398842
4 709.5 35.5 0.12548113933795227 0.08208092485549133
13 744.5 19.5 0.03464203233256351 0.04508670520231214
5 572.5 16.0 0.05157813702848345 0.03699421965317919
13 547.5 16.0 0.037721324095458045 0.03699421965317919
13 604.0 20.0 0.04311008468052348 0.046242774566473986
13 591.0 25.0 0.03541185527328714 0.057803468208092484
13 533.5 17.0 0.022324865280985373 0.03930635838150289
13 507.0 19.5 0.02155504234026174 0.04508670520231214
13 498.0 25.5 0.02617397998460354 0.058959537572254334
13 534.0 20.0 0.024634334103156273 0.046242774566473986
10 201.5 20.5 0.04541955350269438 0.047398843930635835
10 266.5 26.5 0.020785219399538105 0.06127167630057803
10 332.5 22.5 0.042340261739799843 0.05202312138728324
10 456.5 18.5 0.04387990762124711 0.04277456647398844
13 278.5 43.5 0.05003849114703618 0.10057803468208093
3 299.5 25.5 0.02386451116243264 0.058959537572254334
5 174.0 31.5 0.049268668206312545 0.07283236994219654
13 229.0 22.0 0.04157043879907621 0.05086705202312139
10 283.0 16.5 0.020015396458814474 0.03815028901734104
10 196.0 17.0 0.02771362586605081 0.03930635838150289
5 393.0 27.0 0.061585835257890686 0.06242774566473988
4 415.0 81.0 0.12779060816012316 0.18728323699421964
13 546.5 26.0 0.03156274056966898 0.06011560693641618
10 582.5 17.5 0.020785219399538105 0.04046242774566474
17 634.5 29.5 0.04387990762124711 0.06820809248554913
13 622.5 27.5 0.042340261739799843 0.06358381502890173
10 659.0 18.5 0.03233256351039261 0.04277456647398844
15 688.5 38.0 0.07621247113163972 0.08786127167630058
5 584.0 42.0 0.0800615858352579 0.09710982658959537
15 483.0 47.5 0.07082371054657428 0.10982658959537572
13 605.0 32.0 0.046189376443418015 0.07398843930635839
5 398.5 62.0 0.06235565819861432 0.14335260115606938
13 393.0 27.5 0.06312548113933796 0.06358381502890173
13 441.5 39.5 0.042340261739799843 0.09132947976878612
13 498.5 35.0 0.04849884526558892 0.08092485549132948
13 470.5 25.5 0.06543494996150885 0.058959537572254334
13 552.5 38.0 0.05003849114703618 0.08786127167630058
13 591.0 38.0 0.05542725173210162 0.08786127167630058
13 669.0 33.5 0.06004618937644342 0.07745664739884393
13 617.0 26.5 0.06004618937644342 0.06127167630057803
13 765.5 38.0 0.059276366435719784 0.08786127167630058
13 807.5 20.5 0.06235565819861432 0.047398843930635835
4 784.0 121.0 0.20015396458814472 0.27976878612716766
17 751.0 30.0 0.05388760585065435 0.06936416184971098
5 775.5 44.0 0.08852963818321787 0.10173410404624278
5 697.0 40.0 0.0800615858352579 0.09248554913294797
13 681.0 28.5 0.049268668206312545 0.06589595375722543
10 701.5 25.5 0.025404157043879907 0.058959537572254334
17 789.0 33.5 0.049268668206312545 0.07745664739884393
11 803.0 54.5 0.09853733641262509 0.1260115606936416
4 1073.0 110.5 0.2540415704387991 0.25549132947976877
13 902.0 26.5 0.049268668206312545 0.06127167630057803
5 1058.5 48.0 0.09314857582755966 0.11098265895953757
5 1100.0 52.5 0.09853733641262509 0.12138728323699421
13 1149.5 33.5 0.053117782909930716 0.07745664739884393
4 1007.0 68.0 0.09853733641262509 0.15722543352601157
4 1122.5 65.0 0.07621247113163972 0.15028901734104047
4 970.0 59.0 0.06774441878367975 0.13641618497109825
4 880.5 68.0 0.09776751347190146 0.15722543352601157
11 940.5 38.5 0.057736720554272515 0.08901734104046242
4 1043.5 46.0 0.06851424172440339 0.10635838150289018
4 1194.0 45.0 0.04772902232486528 0.10404624277456648
4 1064.0 43.5 0.061585835257890686 0.10057803468208093
4 1156.5 33.0 0.05003849114703618 0.07630057803468208
