4 1407.5 303.5 0.16455078125 0.3951822916666667
5 935.5 112.5 0.12353515625 0.146484375
5 1726.0 144.5 0.158203125 0.18815104166666666
3 1805.0 53.5 0.033203125 0.06966145833333333
3 1624.0 46.5 0.03515625 0.060546875
3 1532.0 48.5 0.0205078125 0.06315104166666667
14 1513.0 42.0 0.0205078125 0.0546875
3 1493.5 41.0 0.03271484375 0.053385416666666664
10 1478.0 34.0 0.0341796875 0.044270833333333336
11 973.5 107.0 0.08154296875 0.13932291666666666
20 1159.0 82.5 0.048828125 0.107421875
9 1109.5 100.0 0.06005859375 0.13020833333333334
9 991.5 71.5 0.05419921875 0.09309895833333333
4 1271.5 146.0 0.10498046875 0.19010416666666666
17 1100.5 23.0 0.03369140625 0.029947916666666668
5 1363.0 42.0 0.04296875 0.0546875
1 1112.5 64.0 0.03955078125 0.08333333333333333
17 1039.0 35.0 0.025390625 0.045572916666666664
9 1037.5 32.5 0.03076171875 0.042317708333333336
5 1322.5 30.5 0.03662109375 0.039713541666666664
5 1135.5 20.5 0.02880859375 0.026692708333333332
9 1249.5 36.5 0.04150390625 0.047526041666666664
5 1207.0 25.5 0.0244140625 0.033203125
5 1390.0 29.5 0.0390625 0.038411458333333336
5 1462.0 24.5 0.03515625 0.031901041666666664
11 1072.0 39.0 0.0302734375 0.05078125
19 1137.5 25.0 0.02490234375 0.032552083333333336
4 1347.5 49.0 0.07568359375 0.06380208333333333
4 1214.5 44.0 0.03759765625 0.057291666666666664
9 1100.5 19.5 0.02099609375 0.025390625
4 1181.0 22.0 0.02734375 0.028645833333333332
5 1083.0 14.0 0.0166015625 0.018229166666666668
4 1110.0 9.5 0.0107421875 0.012369791666666666
4 1262.5 10.0 0.03955078125 0.013020833333333334
4 1066.5 15.0 0.01513671875 0.01953125
5 313.0 107.5 0.2021484375 0.13997395833333334
5 256.0 121.0 0.1669921875 0.15755208333333334
19 312.0 105.5 0.1396484375 0.13736979166666666
5 665.5 78.0 0.08740234375 0.1015625
5 612.0 58.5 0.087890625 0.076171875
5 522.5 53.5 0.08837890625 0.06966145833333333
5 788.5 44.0 0.05810546875 0.057291666666666664
5 748.0 35.5 0.0576171875 0.046223958333333336
5 650.5 35.5 0.06396484375 0.046223958333333336
4 215.5 124.0 0.20947265625 0.16145833333333334
19 730.0 37.5 0.052734375 0.048828125
17 619.5 35.0 0.03466796875 0.045572916666666664
17 494.5 38.0 0.03759765625 0.049479166666666664
3 379.5 27.0 0.02490234375 0.03515625
5 781.5 30.0 0.04736328125 0.0390625
9 895.5 36.0 0.03662109375 0.046875
5 833.0 24.5 0.03515625 0.031901041666666664
19 861.0 25.5 0.037109375 0.033203125
5 943.5 19.5 0.02490234375 0.025390625
4 863.0 34.0 0.0498046875 0.044270833333333336
4 805.0 21.0 0.0390625 0.02734375
4 841.0 12.5 0.0263671875 0.016276041666666668
17 947.5 13.5 0.01611328125 0.017578125
5 927.0 13.5 0.013671875 0.017578125
5 958.5 13.5 0.01611328125 0.017578125
5 978.5 10.5 0.01416015625 0.013671875
9 970.0 15.0 0.0126953125 0.01953125
5 953.0 9.5 0.0107421875 0.012369791666666666
10 922.5 5.5 0.00439453125 0.007161458333333333
5 885.0 10.0 0.0146484375 0.013020833333333334
