15 731.5 82.0 0.13359375 0.2433234421364985
15 883.5 125.0 0.16328125 0.37091988130563797
5 1011.5 106.5 0.15703125 0.31602373887240354
17 679.5 45.5 0.07734375 0.13501483679525222
5 786.5 62.0 0.08984375 0.18397626112759644
5 676.0 52.0 0.0796875 0.1543026706231454
17 858.0 51.0 0.0625 0.1513353115727003
17 638.0 32.0 0.0421875 0.09495548961424333
5 741.0 45.0 0.071875 0.13353115727002968
17 815.0 33.0 0.0453125 0.09792284866468842
11 646.0 53.5 0.0515625 0.15875370919881307
17 702.0 25.0 0.03125 0.07418397626112759
17 781.0 22.0 0.046875 0.06528189910979229
5 773.0 20.5 0.0484375 0.06083086053412463
5 736.0 23.5 0.0421875 0.06973293768545995
5 679.0 18.0 0.034375 0.05341246290801187
17 784.0 21.0 0.0265625 0.06231454005934718
17 776.5 17.0 0.02578125 0.050445103857566766
5 660.5 16.0 0.03203125 0.04747774480712166
5 661.0 13.0 0.028125 0.03857566765578635
4 725.0 35.5 0.046875 0.10534124629080119
19 665.0 13.5 0.0234375 0.040059347181008904
4 673.0 18.5 0.021875 0.05489614243323442
14 909.5 30.0 0.01796875 0.08902077151335312
10 862.0 13.0 0.0296875 0.03857566765578635
10 966.0 21.0 0.0421875 0.06231454005934718
10 1111.0 44.5 0.0609375 0.13204747774480713
10 1047.0 35.5 0.0375 0.10534124629080119
10 1012.0 14.0 0.025 0.04154302670623145
10 912.0 21.5 0.0171875 0.06379821958456973
10 952.5 17.0 0.02109375 0.050445103857566766
10 179.5 20.5 0.02421875 0.06083086053412463
