9 773.0 266.5 0.23480947476828012 0.1381903033445683
13 234.0 115.0 0.10230003432887058 0.05963183821623023
13 196.5 143.5 0.08891177480260899 0.07441016333938294
5 647.5 93.5 0.10744936491589427 0.048483277158413274
10 988.5 63.5 0.059388946103673186 0.032927145449831476
13 1206.5 93.0 0.053896326810847925 0.04822400829660358
13 831.0 88.0 0.05149330587023687 0.04563131967850661
9 978.0 70.0 0.1201510470305527 0.036297640653357534
11 787.5 79.0 0.14246481290765534 0.04096448016593207
9 1607.0 95.5 0.08444902162718847 0.04952035260565206
13 1303.5 67.5 0.032612427051150014 0.03500129634430905
13 1409.0 66.5 0.030209406110538965 0.034482758620689655
5 1304.5 43.0 0.08135942327497425 0.02229712211563391
10 383.0 52.0 0.040508067284586335 0.026963961628208452
5 1864.0 54.5 0.05080672845863371 0.028260305937256935
5 1744.5 45.5 0.049776862341228974 0.023593466424682397
5 1959.5 40.0 0.03741846893237213 0.020741508944775732
13 1886.0 37.0 0.01579128046687264 0.019185895773917553
10 2248.0 21.5 0.006865774116031583 0.011148561057816956
5 2345.0 20.0 0.017164435290078956 0.010370754472387866
5 2264.0 20.5 0.017164435290078956 0.010630023334197563
9 2683.5 29.5 0.07106076210092688 0.015296862846772103
9 2801.0 33.0 0.07689667009955373 0.01711174487943998
4 2387.5 163.5 0.07861311362856162 0.0847809178117708
10 2319.5 137.0 0.040851355990387916 0.07103966813585688
13 2429.5 36.5 0.018194301407483692 0.018926626912107856
3 2354.0 19.0 0.006865774116031583 0.009852216748768473
5 2616.5 52.5 0.0477171301064195 0.02722323049001815
17 2546.5 72.5 0.032612427051150014 0.03759398496240601
