13 229.5 129.0 0.2317167051578137 0.30034924330616997
13 66.0 32.5 0.05696689761354888 0.07566938300349244
13 716.5 38.0 0.037721324095458045 0.08847497089639116
5 1077.0 40.5 0.09083910700538876 0.09429569266589057
16 881.0 33.5 0.08929946112394149 0.0779976717112922
16 998.5 32.5 0.053117782909930716 0.07566938300349244
9 1031.5 35.0 0.10238645111624327 0.08149010477299184
15 1267.5 66.0 0.04849884526558892 0.15366705471478465
5 595.5 20.5 0.07159353348729793 0.047729918509895226
5 543.5 14.5 0.04080061585835258 0.033760186263096625
4 878.5 10.5 0.06543494996150885 0.024447031431897557
13 320.0 18.0 0.04003079291762895 0.04190919674039581
13 232.0 16.5 0.024634334103156273 0.03841676367869616
