4 240.5 91.5 0.13933795227097767 0.2115606936416185
4 468.0 84.0 0.11855273287143957 0.19421965317919074
17 494.0 25.5 0.06928406466512702 0.058959537572254334
17 543.5 49.0 0.06697459584295612 0.11329479768786127
17 612.0 46.5 0.050808314087759814 0.10751445086705202
15 704.5 49.5 0.07159353348729793 0.11445086705202312
4 401.0 66.5 0.08622016936104696 0.15375722543352602
4 669.5 53.5 0.06081601231716705 0.12369942196531791
1 573.5 52.0 0.054657428791377985 0.12023121387283237
5 682.5 28.5 0.053117782909930716 0.06589595375722543
4 531.5 32.5 0.07467282525019246 0.07514450867052024
5 596.5 22.0 0.02848344880677444 0.05086705202312139
5 605.0 18.0 0.03387220939183987 0.04161849710982659
4 413.0 39.0 0.10931485758275597 0.09017341040462427
4 442.5 13.5 0.07621247113163972 0.03121387283236994
4 444.5 10.0 0.05157813702848345 0.023121387283236993
4 476.5 24.5 0.04541955350269438 0.056647398843930635
4 522.0 20.5 0.04311008468052348 0.047398843930635835
4 549.5 15.5 0.03926096997690531 0.035838150289017344
5 609.5 9.0 0.03156274056966898 0.020809248554913295
18 607.5 21.5 0.03464203233256351 0.04971098265895954
5 1266.0 29.5 0.050808314087759814 0.06820809248554913
5 1176.5 33.5 0.09930715935334873 0.07745664739884393
5 1053.0 19.5 0.1077752117013087 0.04508670520231214
5 1102.5 40.0 0.0869899923017706 0.09248554913294797
9 1010.5 69.5 0.10392609699769054 0.1606936416184971
19 1178.0 63.5 0.09545804464973057 0.14682080924855492
15 1002.0 40.5 0.08468052347959969 0.09364161849710982
15 1076.0 45.5 0.07082371054657428 0.10520231213872833
5 1022.0 21.0 0.04003079291762895 0.048554913294797684
17 1098.5 19.0 0.036181678214010776 0.04393063583815029
5 1104.0 17.5 0.061585835257890686 0.04046242774566474
15 976.0 32.5 0.06312548113933796 0.07514450867052024
5 929.5 49.5 0.0731331793687452 0.11445086705202312
5 899.5 36.5 0.07467282525019246 0.08439306358381503
5 859.5 32.5 0.059276366435719784 0.07514450867052024
9 841.0 32.0 0.05542725173210162 0.07398843930635839
17 973.5 12.5 0.03156274056966898 0.028901734104046242
17 932.0 24.0 0.023094688221709007 0.055491329479768786
9 866.5 27.5 0.042340261739799843 0.06358381502890173
5 799.5 26.0 0.02848344880677444 0.06011560693641618
5 794.0 20.5 0.03849114703618168 0.047398843930635835
5 754.5 18.0 0.01924557351809084 0.04161849710982659
5 834.0 14.0 0.03233256351039261 0.03236994219653179
17 784.0 11.5 0.015396458814472672 0.026589595375722544
5 813.5 11.5 0.025404157043879907 0.026589595375722544
15 740.0 15.0 0.024634334103156273 0.03468208092485549
9 736.5 11.5 0.020785219399538105 0.026589595375722544
4 824.5 21.5 0.02386451116243264 0.04971098265895954
17 791.5 11.0 0.01308698999230177 0.025433526011560695
4 871.0 24.5 0.03233256351039261 0.056647398843930635
4 920.0 31.0 0.049268668206312545 0.07167630057803469
4 897.0 27.0 0.04003079291762895 0.06242774566473988
4 547.5 8.5 0.03156274056966898 0.019653179190751446
4 629.5 9.0 0.01924557351809084 0.020809248554913295
4 590.5 21.5 0.025404157043879907 0.04971098265895954
9 680.5 9.0 0.022324865280985373 0.020809248554913295
5 638.5 13.5 0.01308698999230177 0.03121387283236994
1 667.5 15.5 0.02848344880677444 0.035838150289017344
17 529.5 3.5 0.022324865280985373 0.008092485549132947
17 526.5 7.0 0.025404157043879907 0.016184971098265895
17 573.0 9.0 0.02155504234026174 0.020809248554913295
4 668.5 9.0 0.01308698999230177 0.020809248554913295
19 772.5 9.0 0.016166281755196306 0.020809248554913295
19 740.0 9.5 0.012317167051578136 0.021965317919075144
5 749.0 9.0 0.015396458814472672 0.020809248554913295
9 769.0 9.0 0.012317167051578136 0.020809248554913295
17 782.5 11.5 0.01308698999230177 0.026589595375722544
17 791.5 10.5 0.01308698999230177 0.024277456647398842
4 763.0 13.0 0.020015396458814474 0.03005780346820809
4 736.0 10.0 0.016936104695919937 0.023121387283236993
4 627.0 6.0 0.015396458814472672 0.013872832369942197
5 591.0 4.0 0.013856812933025405 0.009248554913294798
4 599.5 6.0 0.020785219399538105 0.013872832369942197
9 632.5 6.0 0.01924557351809084 0.013872832369942197
15 659.5 5.5 0.020785219399538105 0.012716763005780347
18 723.5 7.0 0.008468052347959968 0.016184971098265895
