4 1099.5 57.0 0.22126661454261143 0.19420783645655879
4 865.0 81.0 0.0906958561376075 0.27597955706984667
4 315.0 18.5 0.04222048475371384 0.06303236797274275
4 378.5 16.0 0.03674745895230649 0.054514480408858604
4 718.5 27.5 0.03049257232212666 0.09369676320272573
4 731.5 14.0 0.019546520719311962 0.04770017035775128
4 704.0 10.0 0.012509773260359656 0.034071550255536626
4 678.0 5.5 0.012509773260359656 0.018739352640545145
11 456.5 13.0 0.019546520719311962 0.044293015332197615
5 457.5 12.5 0.024237685691946835 0.04258943781942078
17 389.0 11.5 0.01563721657544957 0.039182282793867124
5 377.0 9.5 0.01563721657544957 0.03236797274275979
11 353.5 12.0 0.019546520719311962 0.04088586030664395
11 430.5 17.0 0.019546520719311962 0.05792163543441227
19 694.5 58.0 0.0617670054730258 0.19761499148211242
17 783.0 47.0 0.04847537138389367 0.16013628620102216
3 840.0 25.0 0.0218921032056294 0.08517887563884156
5 1017.5 26.5 0.10867865519937452 0.09028960817717206
10 1079.0 13.5 0.020328381548084442 0.04599659284497445
13 963.0 11.5 0.017200938232994525 0.039182282793867124
13 1048.0 19.0 0.028146989835809225 0.06473594548551959
10 796.5 9.0 0.022673964034401875 0.030664395229982964
5 588.0 33.0 0.04691164972634871 0.11243611584327087
11 607.5 24.0 0.03831118060985145 0.0817717206132879
17 672.0 20.5 0.028146989835809225 0.06984667802385008
9 734.0 31.0 0.040656763096168884 0.10562180579216354
5 666.5 20.5 0.03049257232212666 0.06984667802385008
5 604.0 14.5 0.029710711493354185 0.049403747870528106
17 796.5 19.0 0.022673964034401875 0.06473594548551959
5 789.5 13.5 0.03049257232212666 0.04599659284497445
10 740.0 12.0 0.012509773260359656 0.04088586030664395
14 765.0 8.5 0.007818608287724784 0.028960817717206135
11 659.0 22.0 0.02501954652071931 0.07495741056218058
11 601.0 15.0 0.020328381548084442 0.05110732538330494
10 618.0 8.0 0.007818608287724784 0.027257240204429302
10 688.5 7.5 0.007036747458952306 0.02555366269165247
11 649.0 13.0 0.020328381548084442 0.044293015332197615
5 576.0 8.5 0.017200938232994525 0.028960817717206135
5 547.0 9.0 0.01563721657544957 0.030664395229982964
11 577.5 11.5 0.017982799061767005 0.039182282793867124
15 323.0 43.0 0.08444096950742767 0.1465076660988075
11 406.0 33.5 0.0437842064112588 0.1141396933560477
11 290.5 33.0 0.04300234558248632 0.11243611584327087
5 20.0 20.0 0.029710711493354185 0.06814310051107325
5 157.5 14.0 0.0398749022673964 0.04770017035775128
17 197.5 13.0 0.019546520719311962 0.044293015332197615
5 405.0 7.5 0.01563721657544957 0.02555366269165247
5 498.0 5.5 0.023455824863174355 0.018739352640545145
13 1222.5 31.0 0.0398749022673964 0.10562180579216354
13 1179.0 31.0 0.03440187646598905 0.10562180579216354
10 924.5 16.5 0.014855355746677092 0.056218057921635436
