11 424.5 39.0 0.10964912280701754 0.20365535248041775
9 377.0 20.5 0.06140350877192982 0.10704960835509138
17 438.0 23.5 0.05263157894736842 0.1227154046997389
5 379.5 14.5 0.03070175438596491 0.07571801566579635
10 442.0 16.5 0.02631578947368421 0.08616187989556136
10 415.5 8.5 0.013157894736842105 0.044386422976501305
10 398.5 8.0 0.01023391812865497 0.04177545691906005
14 411.0 7.0 0.014619883040935672 0.03655352480417755
10 416.0 8.5 0.011695906432748537 0.044386422976501305
17 414.5 6.0 0.013157894736842105 0.031331592689295036
19 489.5 8.0 0.039473684210526314 0.04177545691906005
17 505.0 8.0 0.023391812865497075 0.04177545691906005
17 466.0 7.0 0.014619883040935672 0.03655352480417755
15 293.0 20.5 0.0935672514619883 0.10704960835509138
17 294.5 30.5 0.05701754385964912 0.15926892950391644
17 206.5 20.5 0.06286549707602339 0.10704960835509138
17 123.5 17.0 0.07748538011695906 0.08877284595300261
17 239.0 10.5 0.03508771929824561 0.05483028720626632
17 276.5 10.0 0.03070175438596491 0.05221932114882506
11 145.0 37.0 0.1023391812865497 0.19321148825065274
17 168.5 18.5 0.05701754385964912 0.09660574412532637
5 224.0 29.0 0.07894736842105263 0.1514360313315927
5 229.0 22.0 0.07017543859649122 0.11488250652741515
5 286.5 26.0 0.059941520467836254 0.13577023498694518
5 247.0 19.0 0.05847953216374269 0.09921671018276762
9 291.5 19.0 0.05701754385964912 0.09921671018276762
15 315.0 14.0 0.049707602339181284 0.0731070496083551
5 216.0 15.5 0.06432748538011696 0.08093994778067885
5 190.5 19.0 0.06871345029239766 0.09921671018276762
17 259.0 10.5 0.03508771929824561 0.05483028720626632
19 307.0 8.5 0.03508771929824561 0.044386422976501305
5 289.0 8.5 0.029239766081871343 0.044386422976501305
5 342.0 9.0 0.029239766081871343 0.04699738903394256
10 395.5 3.5 0.0043859649122807015 0.018276762402088774
17 536.0 5.5 0.014619883040935672 0.028720626631853787
17 524.0 5.0 0.014619883040935672 0.02610966057441253
