17 649.0 123.0 0.16666666666666666 0.18850574712643678
17 571.0 58.0 0.08333333333333333 0.08888888888888889
17 381.0 48.0 0.08333333333333333 0.0735632183908046
17 215.0 127.0 0.2222222222222222 0.1946360153256705
5 316.0 88.0 0.17824074074074073 0.13486590038314175
4 530.0 70.0 0.11805555555555555 0.10727969348659004
5 100.0 151.0 0.22916666666666666 0.23141762452107278
9 196.0 76.0 0.14583333333333334 0.11647509578544062
9 463.0 84.0 0.125 0.12873563218390804
19 420.0 204.0 0.24305555555555555 0.31264367816091954
5 315.0 49.0 0.10648148148148148 0.07509578544061303
11 419.0 46.0 0.0787037037037037 0.07049808429118774
5 328.0 35.0 0.09027777777777778 0.05363984674329502
5 47.0 47.0 0.10648148148148148 0.07203065134099616
10 16.0 30.5 0.034722222222222224 0.04674329501915709
17 34.0 23.0 0.05324074074074074 0.03524904214559387
5 152.0 23.0 0.05787037037037037 0.03524904214559387
9 219.0 26.0 0.05092592592592592 0.03984674329501916
17 468.0 28.0 0.034722222222222224 0.04291187739463601
4 416.0 24.0 0.03935185185185185 0.0367816091954023
5 322.0 21.0 0.04861111111111111 0.03218390804597701
10 175.0 18.0 0.027777777777777776 0.027586206896551724
