4 254.0 46.0 0.12111801242236025 0.2541436464088398
9 245.5 43.5 0.11956521739130435 0.24033149171270718
5 36.0 31.0 0.10869565217391304 0.1712707182320442
4 213.5 48.5 0.12888198757763975 0.26795580110497236
4 288.0 14.0 0.055900621118012424 0.07734806629834254
4 283.5 17.0 0.06366459627329192 0.09392265193370165
13 99.0 21.0 0.07763975155279502 0.11602209944751381
13 109.5 24.5 0.07608695652173914 0.13535911602209943
13 149.0 32.5 0.06521739130434782 0.17955801104972377
13 109.0 14.5 0.049689440993788817 0.08011049723756906
13 116.0 13.0 0.043478260869565216 0.0718232044198895
19 466.0 35.0 0.11801242236024845 0.19337016574585636
15 422.5 44.5 0.11956521739130435 0.24585635359116023
5 165.5 16.0 0.07608695652173914 0.08839779005524862
8 378.5 32.5 0.09161490683229814 0.17955801104972377
5 597.0 22.0 0.11180124223602485 0.12154696132596685
5 114.0 10.5 0.059006211180124224 0.058011049723756904
17 64.0 25.0 0.06521739130434782 0.13812154696132597
5 33.0 8.0 0.09006211180124224 0.04419889502762431
13 55.5 7.5 0.023291925465838508 0.04143646408839779
5 392.5 13.5 0.07919254658385093 0.07458563535911603
13 384.0 32.5 0.052795031055900624 0.17955801104972377
13 565.0 24.5 0.062111801242236024 0.13535911602209943
13 508.0 29.0 0.055900621118012424 0.16022099447513813
13 502.5 15.5 0.06055900621118013 0.0856353591160221
13 545.5 25.0 0.06677018633540373 0.13812154696132597
7 467.5 25.0 0.10403726708074534 0.13812154696132597
13 630.0 16.0 0.043478260869565216 0.08839779005524862
13 527.0 13.5 0.049689440993788817 0.07458563535911603
5 68.0 8.5 0.062111801242236024 0.04696132596685083
15 99.0 9.0 0.062111801242236024 0.049723756906077346
17 153.5 12.0 0.05124223602484472 0.06629834254143646
5 168.5 6.0 0.04192546583850932 0.03314917127071823
13 168.0 11.0 0.024844720496894408 0.06077348066298342
13 143.5 10.0 0.026397515527950312 0.055248618784530384
9 18.5 19.5 0.05434782608695652 0.10773480662983426
19 237.0 8.5 0.08385093167701864 0.04696132596685083
13 494.5 12.0 0.029503105590062112 0.06629834254143646
13 590.5 9.5 0.04813664596273292 0.052486187845303865
19 619.0 16.5 0.07763975155279502 0.09116022099447514
