10 1462.5 179.0 0.04559270516717325 0.09093218186436373
10 1476.0 75.0 0.031070584262073625 0.0381000762001524
10 472.0 138.5 0.04930766632894292 0.07035814071628144
5 837.5 269.0 0.16109422492401215 0.1366522733045466
19 1295.0 131.0 0.06484295845997974 0.0665481330962662
10 2218.5 57.5 0.0651806822019588 0.02921005842011684
10 2582.0 117.0 0.05336035123269166 0.05943611887223774
5 2087.5 304.0 0.15569064505234717 0.15443230886461773
5 2510.5 283.0 0.16109422492401215 0.14376428752857506
5 1945.0 100.0 0.04930766632894292 0.0508001016002032
15 1007.0 76.5 0.0547112462006079 0.038862077724155446
15 811.0 75.0 0.06484295845997974 0.0381000762001524
15 691.5 148.0 0.10638297872340426 0.07518415036830074
15 1358.5 63.5 0.04289091523134076 0.03225806451612903
5 1697.5 69.0 0.04289091523134076 0.03505207010414021
4 158.0 265.5 0.1060452549814252 0.1348742697485395
