4 394.5 57.0 0.28799019607843135 0.18627450980392157
4 693.0 78.5 0.3014705882352941 0.2565359477124183
4 662.0 87.0 0.32598039215686275 0.28431372549019607
4 518.5 118.5 0.20955882352941177 0.3872549019607843
4 386.0 78.0 0.12009803921568628 0.2549019607843137
4 517.5 27.5 0.13848039215686275 0.08986928104575163
4 422.0 32.0 0.09313725490196079 0.10457516339869281
4 356.5 38.0 0.09191176470588236 0.12418300653594772
4 322.5 33.5 0.11397058823529412 0.10947712418300654
4 347.0 19.0 0.11519607843137254 0.06209150326797386
4 279.0 31.5 0.09068627450980392 0.10294117647058823
4 53.0 25.0 0.12745098039215685 0.08169934640522876
4 139.5 68.5 0.13602941176470587 0.2238562091503268
4 154.0 20.0 0.061274509803921566 0.06535947712418301
4 136.0 16.5 0.03431372549019608 0.05392156862745098
4 231.0 22.5 0.029411764705882353 0.07352941176470588
4 249.0 11.5 0.05392156862745098 0.03758169934640523
4 213.5 16.5 0.030637254901960783 0.05392156862745098
4 193.0 11.5 0.01715686274509804 0.03758169934640523
4 205.5 8.5 0.03553921568627451 0.027777777777777776
5 56.5 24.5 0.06740196078431372 0.08006535947712418
5 102.0 16.0 0.051470588235294115 0.05228758169934641
5 230.5 16.5 0.05759803921568627 0.05392156862745098
5 587.0 10.0 0.04411764705882353 0.032679738562091505
15 636.5 15.0 0.03553921568627451 0.049019607843137254
17 262.0 21.0 0.06372549019607843 0.06862745098039216
9 123.5 14.5 0.028186274509803922 0.04738562091503268
17 112.0 11.0 0.022058823529411766 0.03594771241830065
17 110.5 5.0 0.01838235294117647 0.016339869281045753
5 156.5 7.0 0.025735294117647058 0.02287581699346405
