11 76.5 55.5 0.146875 0.1734375
11 173.0 24.5 0.05 0.0765625
11 260.0 21.0 0.04375 0.065625
11 491.0 25.0 0.04791666666666667 0.078125
11 322.5 12.5 0.08229166666666667 0.0390625
18 356.5 11.0 0.09270833333333334 0.034375
13 307.5 15.0 0.021875 0.046875
11 506.5 15.5 0.028125 0.0484375
5 476.5 10.5 0.026041666666666668 0.0328125
4 618.0 24.0 0.05 0.075
18 542.5 11.0 0.03229166666666667 0.034375
18 686.0 11.0 0.025 0.034375
11 769.0 10.5 0.052083333333333336 0.0328125
4 484.0 10.0 0.027083333333333334 0.03125
7 446.0 9.0 0.016666666666666666 0.028125
3 339.5 7.0 0.013541666666666667 0.021875
