13 1001.0 39.5 0.044921875 0.10273081924577374
13 935.0 48.5 0.056640625 0.12613784135240572
13 981.5 23.5 0.0556640625 0.0611183355006502
13 942.0 19.0 0.037109375 0.0494148244473342
13 911.5 25.0 0.0400390625 0.06501950585175553
13 873.5 36.5 0.0439453125 0.09492847854356307
13 888.0 21.5 0.03125 0.055916775032509754
13 832.0 29.0 0.041015625 0.0754226267880364
13 849.5 14.0 0.0361328125 0.036410923276983094
13 789.5 25.5 0.0341796875 0.06631989596879063
13 769.5 13.5 0.0244140625 0.035110533159947985
13 744.0 30.0 0.068359375 0.07802340702210664
13 687.0 35.0 0.048828125 0.09102730819245773
13 656.5 25.0 0.0224609375 0.06501950585175553
13 607.0 25.5 0.029296875 0.06631989596879063
13 634.5 25.0 0.0263671875 0.06501950585175553
13 686.0 19.0 0.025390625 0.0494148244473342
13 661.0 20.5 0.0234375 0.053315994798439535
13 627.0 17.0 0.021484375 0.044213263979193757
13 659.5 16.0 0.0205078125 0.04161248374512354
13 653.0 5.5 0.015625 0.014304291287386216
13 596.0 15.5 0.021484375 0.04031209362808843
13 618.5 11.5 0.0166015625 0.02990897269180754
13 607.0 10.5 0.01171875 0.027308192457737322
13 597.0 10.0 0.01171875 0.02600780234070221
13 611.0 5.0 0.01171875 0.013003901170351105
13 597.0 6.0 0.009765625 0.015604681404421327
13 612.0 5.5 0.009765625 0.014304291287386216
13 111.5 33.0 0.0595703125 0.0858257477243173
13 365.0 20.0 0.029296875 0.05201560468140442
13 338.0 21.5 0.025390625 0.055916775032509754
13 396.0 8.5 0.021484375 0.022106631989596878
13 414.0 11.5 0.013671875 0.02990897269180754
13 401.5 8.0 0.0126953125 0.02080624187256177
13 439.5 5.0 0.0068359375 0.013003901170351105
13 432.0 5.0 0.0078125 0.013003901170351105
15 119.0 23.5 0.109375 0.0611183355006502
15 240.5 25.0 0.0751953125 0.06501950585175553
15 302.5 20.0 0.0419921875 0.05201560468140442
5 346.0 12.0 0.0234375 0.031209362808842653
5 413.5 15.0 0.0380859375 0.03901170351105332
5 403.5 22.0 0.0322265625 0.05721716514954486
5 343.5 30.0 0.0576171875 0.07802340702210664
5 287.0 46.0 0.109375 0.11963589076723016
5 387.5 5.5 0.0341796875 0.014304291287386216
17 584.5 12.0 0.0146484375 0.031209362808842653
4 562.0 24.0 0.03125 0.06241872561768531
4 474.0 27.0 0.05078125 0.07022106631989597
7 561.0 27.5 0.033203125 0.07152145643693109
17 583.5 6.0 0.0087890625 0.015604681404421327
20 771.5 33.0 0.0576171875 0.0858257477243173
