4 667.5 36.5 0.21 0.12166666666666667
4 824.5 136.0 0.15 0.4533333333333333
17 409.0 14.5 0.12444444444444444 0.04833333333333333
15 229.5 42.5 0.20333333333333334 0.14166666666666666
5 317.5 37.5 0.14555555555555555 0.125
5 651.0 28.0 0.14666666666666667 0.09333333333333334
5 365.5 23.0 0.10111111111111111 0.07666666666666666
4 493.5 110.5 0.23 0.36833333333333335
17 633.5 15.5 0.07222222222222222 0.051666666666666666
17 653.5 27.5 0.07666666666666666 0.09166666666666666
15 654.0 23.5 0.09111111111111111 0.07833333333333334
4 752.0 98.5 0.07777777777777778 0.3283333333333333
4 781.5 14.0 0.0811111111111111 0.04666666666666667
4 761.0 33.5 0.07111111111111111 0.11166666666666666
4 721.0 31.0 0.013333333333333334 0.10333333333333333
4 753.0 12.5 0.03777777777777778 0.041666666666666664
4 735.5 4.0 0.034444444444444444 0.013333333333333334
4 738.0 3.5 0.04 0.011666666666666667
4 741.0 5.0 0.04666666666666667 0.016666666666666666
4 686.0 24.5 0.04 0.08166666666666667
4 697.0 14.0 0.035555555555555556 0.04666666666666667
4 727.0 5.5 0.013333333333333334 0.018333333333333333
4 206.0 25.0 0.12222222222222222 0.08333333333333333
4 399.0 14.5 0.042222222222222223 0.04833333333333333
4 429.5 10.5 0.021111111111111112 0.035
4 460.5 9.0 0.04111111111111111 0.03
4 512.5 7.0 0.03666666666666667 0.023333333333333334
4 570.0 8.0 0.02666666666666667 0.02666666666666667
4 609.0 3.5 0.008888888888888889 0.011666666666666667
5 700.0 26.5 0.04 0.08833333333333333
5 691.0 13.5 0.02666666666666667 0.045
5 714.5 12.0 0.0077777777777777776 0.04
5 546.0 13.0 0.07111111111111111 0.043333333333333335
5 582.0 5.0 0.04666666666666667 0.016666666666666666
5 612.5 4.5 0.04777777777777778 0.015
5 620.5 6.5 0.04111111111111111 0.021666666666666667
5 628.0 5.5 0.04 0.018333333333333333
5 634.0 3.5 0.035555555555555556 0.011666666666666667
5 633.0 12.0 0.011111111111111112 0.04
5 704.0 4.5 0.028888888888888888 0.015
5 417.0 22.0 0.08888888888888889 0.07333333333333333
5 526.5 23.0 0.043333333333333335 0.07666666666666666
5 533.5 8.0 0.052222222222222225 0.02666666666666667
5 569.5 16.5 0.021111111111111112 0.055
5 593.0 17.0 0.022222222222222223 0.056666666666666664
5 47.5 31.5 0.10111111111111111 0.105
5 231.5 33.5 0.07444444444444444 0.11166666666666666
5 63.0 12.0 0.07333333333333333 0.04
5 25.0 11.0 0.042222222222222223 0.03666666666666667
5 52.0 17.0 0.05333333333333334 0.056666666666666664
5 9.5 17.5 0.01888888888888889 0.058333333333333334
5 66.5 10.5 0.05 0.035
5 218.0 23.5 0.024444444444444446 0.07833333333333334
5 259.0 14.0 0.06666666666666667 0.04666666666666667
5 297.5 12.5 0.027777777777777776 0.041666666666666664
5 215.5 16.5 0.016666666666666666 0.055
5 277.5 17.5 0.027777777777777776 0.058333333333333334
5 294.5 11.5 0.01888888888888889 0.03833333333333333
5 327.0 6.5 0.04888888888888889 0.021666666666666667
5 407.5 9.0 0.03222222222222222 0.03
5 429.0 7.0 0.03111111111111111 0.023333333333333334
5 404.0 11.5 0.024444444444444446 0.03833333333333333
5 428.5 7.5 0.04111111111111111 0.025
5 416.0 4.0 0.02666666666666667 0.013333333333333334
5 426.0 5.0 0.03111111111111111 0.016666666666666666
5 406.5 5.0 0.03222222222222222 0.016666666666666666
5 467.0 5.0 0.028888888888888888 0.016666666666666666
5 511.0 7.5 0.03333333333333333 0.025
5 432.0 6.0 0.006666666666666667 0.02
17 651.0 19.5 0.028888888888888888 0.065
17 646.0 6.5 0.051111111111111114 0.021666666666666667
17 614.5 22.0 0.021111111111111112 0.07333333333333333
17 586.0 13.0 0.04888888888888889 0.043333333333333335
17 581.5 7.0 0.03 0.023333333333333334
10 730.5 4.5 0.0077777777777777776 0.015
17 258.0 17.0 0.05555555555555555 0.056666666666666664
17 90.0 34.0 0.06666666666666667 0.11333333333333333
17 27.0 44.5 0.057777777777777775 0.14833333333333334
17 244.5 12.0 0.04555555555555556 0.04
17 301.0 10.5 0.015555555555555555 0.035
17 384.0 5.0 0.03333333333333333 0.016666666666666666
17 389.5 3.5 0.03222222222222222 0.011666666666666667
17 376.0 5.5 0.024444444444444446 0.018333333333333333
17 595.5 5.0 0.014444444444444444 0.016666666666666666
15 648.0 12.0 0.011111111111111112 0.04
15 558.5 11.5 0.052222222222222225 0.03833333333333333
15 346.0 9.0 0.04 0.03
10 321.5 3.5 0.014444444444444444 0.011666666666666667
15 475.5 10.0 0.04555555555555556 0.03333333333333333
11 652.5 10.0 0.07 0.03333333333333333
11 682.0 21.5 0.04888888888888889 0.07166666666666667
11 657.0 7.0 0.03111111111111111 0.023333333333333334
11 645.5 3.5 0.025555555555555557 0.011666666666666667
11 489.0 15.5 0.044444444444444446 0.051666666666666666
11 452.0 10.5 0.03333333333333333 0.035
11 541.0 4.5 0.024444444444444446 0.015
11 563.5 7.0 0.027777777777777776 0.023333333333333334
11 149.5 30.0 0.10555555555555556 0.1
11 179.0 24.5 0.051111111111111114 0.08166666666666667
11 274.0 13.0 0.02666666666666667 0.043333333333333335
11 520.0 12.0 0.015555555555555555 0.04
11 599.0 5.5 0.017777777777777778 0.018333333333333333
11 600.0 15.0 0.042222222222222223 0.05
19 464.0 27.5 0.09555555555555556 0.09166666666666666
5 628.5 4.5 0.01 0.015
9 628.0 5.5 0.02 0.018333333333333333
9 24.0 25.0 0.051111111111111114 0.08333333333333333
5 98.5 12.5 0.05444444444444444 0.041666666666666664
19 337.0 17.5 0.07111111111111111 0.058333333333333334
19 341.0 18.5 0.06444444444444444 0.06166666666666667
11 197.0 11.5 0.013333333333333334 0.03833333333333333
