8 634.5 130.0 0.35444444444444445 0.43333333333333335
8 296.5 101.0 0.39666666666666667 0.33666666666666667
8 202.0 96.5 0.2911111111111111 0.32166666666666666
17 197.5 54.0 0.15444444444444444 0.18
17 48.5 39.0 0.10555555555555556 0.13
17 490.5 12.5 0.11444444444444445 0.041666666666666664
17 340.5 28.0 0.15 0.09333333333333334
13 45.5 50.0 0.0811111111111111 0.16666666666666666
5 117.5 28.0 0.09444444444444444 0.09333333333333334
13 58.5 59.0 0.052222222222222225 0.19666666666666666
13 16.5 43.0 0.03222222222222222 0.14333333333333334
13 868.5 25.0 0.06111111111111111 0.08333333333333333
13 843.0 16.0 0.057777777777777775 0.05333333333333334
13 698.5 33.0 0.06333333333333334 0.11
13 651.0 44.5 0.04666666666666667 0.14833333333333334
17 615.0 44.0 0.05333333333333334 0.14666666666666667
17 546.0 20.0 0.11555555555555555 0.06666666666666667
17 430.5 24.0 0.11 0.08
17 510.5 22.0 0.09666666666666666 0.07333333333333333
17 421.0 34.0 0.08888888888888889 0.11333333333333333
17 556.5 35.5 0.09666666666666666 0.11833333333333333
17 347.0 17.5 0.06666666666666667 0.058333333333333334
17 252.0 21.0 0.03333333333333333 0.07
17 105.5 26.0 0.058888888888888886 0.08666666666666667
17 44.0 25.0 0.06888888888888889 0.08333333333333333
17 41.5 11.5 0.07 0.03833333333333333
17 214.5 6.5 0.034444444444444444 0.021666666666666667
17 26.5 8.5 0.027777777777777776 0.028333333333333332
17 725.0 13.5 0.02666666666666667 0.045
17 762.0 14.0 0.07111111111111111 0.04666666666666667
17 787.5 29.0 0.07666666666666666 0.09666666666666666
13 59.0 10.0 0.028888888888888888 0.03333333333333333
13 118.5 18.5 0.034444444444444444 0.06166666666666667
13 133.0 11.0 0.03333333333333333 0.03666666666666667
13 260.5 10.0 0.04111111111111111 0.03333333333333333
13 222.5 16.5 0.043333333333333335 0.055
13 240.5 14.0 0.04111111111111111 0.04666666666666667
13 244.0 9.0 0.024444444444444446 0.03
13 135.5 23.0 0.016666666666666666 0.07666666666666666
13 173.0 16.0 0.035555555555555556 0.05333333333333334
13 173.0 19.0 0.022222222222222223 0.06333333333333334
13 698.5 47.0 0.05444444444444444 0.15666666666666668
13 414.5 18.0 0.04111111111111111 0.06
13 439.0 17.5 0.04 0.058333333333333334
13 293.0 25.5 0.03333333333333333 0.085
13 257.0 13.5 0.035555555555555556 0.045
13 330.5 23.0 0.043333333333333335 0.07666666666666666
13 431.5 24.0 0.04777777777777778 0.08
13 477.0 30.5 0.03111111111111111 0.10166666666666667
13 369.0 30.0 0.04 0.1
10 784.5 39.0 0.06333333333333334 0.13
13 552.5 22.0 0.052222222222222225 0.07333333333333333
4 62.0 40.0 0.13555555555555557 0.13333333333333333
16 879.0 45.5 0.04666666666666667 0.15166666666666667
15 640.0 56.5 0.15333333333333332 0.18833333333333332
5 700.5 38.5 0.15 0.12833333333333333
5 801.5 27.5 0.1322222222222222 0.09166666666666666
9 757.5 43.5 0.15 0.145
13 90.5 21.0 0.03888888888888889 0.07
5 336.0 24.0 0.11777777777777777 0.08
20 832.5 30.5 0.06555555555555556 0.10166666666666667
