5 641.5 38.5 0.14333333333333334 0.163135593220339
5 818.0 16.0 0.10888888888888888 0.06779661016949153
5 780.0 38.5 0.14222222222222222 0.163135593220339
5 577.0 55.5 0.11333333333333333 0.23516949152542374
5 847.5 28.5 0.11444444444444445 0.12076271186440678
5 736.0 32.5 0.11333333333333333 0.13771186440677965
5 539.5 18.5 0.0811111111111111 0.07838983050847458
5 560.5 13.0 0.0811111111111111 0.05508474576271186
5 628.0 35.5 0.05555555555555555 0.1504237288135593
5 517.0 16.0 0.07555555555555556 0.06779661016949153
5 508.0 12.0 0.05555555555555555 0.05084745762711865
5 500.0 8.5 0.04888888888888889 0.036016949152542374
5 495.5 7.5 0.03666666666666667 0.03177966101694915
5 774.0 20.0 0.042222222222222223 0.0847457627118644
5 780.0 25.5 0.06888888888888889 0.10805084745762712
5 177.5 38.0 0.11444444444444445 0.16101694915254236
5 262.0 31.5 0.08666666666666667 0.13347457627118645
5 142.0 17.0 0.044444444444444446 0.07203389830508475
5 223.5 23.0 0.052222222222222225 0.09745762711864407
5 540.5 18.0 0.025555555555555557 0.07627118644067797
5 22.0 21.0 0.04666666666666667 0.08898305084745763
5 361.0 18.5 0.10222222222222223 0.07838983050847458
5 353.5 16.0 0.025555555555555557 0.06779661016949153
5 314.5 10.0 0.01888888888888889 0.0423728813559322
5 292.0 9.5 0.02666666666666667 0.04025423728813559
5 268.0 11.5 0.04 0.048728813559322036
5 343.0 7.5 0.02 0.03177966101694915
5 379.5 8.0 0.03 0.03389830508474576
5 261.5 6.0 0.025555555555555557 0.025423728813559324
5 301.0 11.0 0.057777777777777775 0.046610169491525424
5 307.5 15.5 0.03222222222222222 0.06567796610169492
5 301.0 15.0 0.16444444444444445 0.0635593220338983
5 502.0 5.5 0.024444444444444446 0.023305084745762712
5 286.5 4.0 0.027777777777777776 0.01694915254237288
5 404.0 6.5 0.017777777777777778 0.02754237288135593
5 818.0 13.0 0.07111111111111111 0.05508474576271186
9 862.0 35.0 0.08 0.1483050847457627
9 703.0 34.5 0.1 0.1461864406779661
9 707.5 29.5 0.04111111111111111 0.125
17 748.0 15.0 0.044444444444444446 0.0635593220338983
17 662.5 16.5 0.034444444444444444 0.06991525423728813
17 572.5 7.0 0.03666666666666667 0.029661016949152543
17 507.0 7.5 0.03333333333333333 0.03177966101694915
17 33.0 51.0 0.06888888888888889 0.21610169491525424
17 543.5 4.0 0.034444444444444444 0.01694915254237288
11 493.5 11.0 0.025555555555555557 0.046610169491525424
11 54.0 36.5 0.07555555555555556 0.15466101694915255
10 197.0 19.5 0.042222222222222223 0.0826271186440678
10 491.0 25.5 0.022222222222222223 0.10805084745762712
10 778.0 11.5 0.02 0.048728813559322036
11 318.0 53.0 0.14444444444444443 0.2245762711864407
10 197.0 5.0 0.017777777777777778 0.0211864406779661
10 211.5 8.0 0.0077777777777777776 0.03389830508474576
9 234.0 13.5 0.03777777777777778 0.057203389830508475
4 216.5 18.0 0.052222222222222225 0.07627118644067797
4 288.0 20.5 0.051111111111111114 0.08686440677966102
4 337.5 15.5 0.052222222222222225 0.06567796610169492
4 85.5 24.0 0.13444444444444445 0.1016949152542373
8 175.0 27.5 0.09555555555555556 0.11652542372881355
15 252.0 15.5 0.07555555555555556 0.06567796610169492
15 134.0 19.5 0.09777777777777778 0.0826271186440678
15 385.5 11.5 0.04777777777777778 0.048728813559322036
9 398.0 7.5 0.03777777777777778 0.03177966101694915
15 357.0 13.0 0.07111111111111111 0.05508474576271186
9 358.5 14.5 0.06777777777777778 0.0614406779661017
9 363.0 28.0 0.08444444444444445 0.11864406779661017
9 93.0 48.0 0.06 0.2033898305084746
4 544.5 21.5 0.06555555555555556 0.09110169491525423
4 624.5 32.5 0.10777777777777778 0.13771186440677965
4 692.0 15.0 0.035555555555555556 0.0635593220338983
4 623.0 12.0 0.06 0.05084745762711865
4 583.0 14.0 0.028888888888888888 0.059322033898305086
4 554.5 13.0 0.03222222222222222 0.05508474576271186
4 517.5 11.0 0.027777777777777776 0.046610169491525424
4 535.5 13.0 0.01 0.05508474576271186
19 609.0 23.0 0.07777777777777778 0.09745762711864407
9 409.5 7.5 0.021111111111111112 0.03177966101694915
10 417.5 7.0 0.01 0.029661016949152543
5 136.5 39.5 0.1811111111111111 0.1673728813559322
