17 910.0 51.0 0.08602150537634409 0.14890510948905109
17 366.5 10.5 0.016617790811339198 0.030656934306569343
5 226.0 47.5 0.11730205278592376 0.1386861313868613
5 681.0 37.0 0.08211143695014662 0.10802919708029197
5 676.5 21.5 0.05180840664711633 0.06277372262773723
5 378.0 17.0 0.044965786901270774 0.049635036496350364
5 431.5 13.5 0.028347996089931573 0.03941605839416058
5 496.0 6.5 0.017595307917888565 0.01897810218978102
5 413.0 7.5 0.019550342130987292 0.021897810218978103
5 567.5 17.0 0.022482893450635387 0.049635036496350364
5 423.5 5.5 0.01466275659824047 0.016058394160583942
5 484.0 4.0 0.009775171065493646 0.01167883211678832
16 412.5 4.0 0.016617790811339198 0.01167883211678832
10 391.5 14.0 0.01270772238514174 0.040875912408759124
9 179.0 29.0 0.07233626588465299 0.08467153284671533
5 60.5 17.0 0.06744868035190615 0.049635036496350364
5 108.0 14.0 0.043010752688172046 0.040875912408759124
5 244.5 10.5 0.030303030303030304 0.030656934306569343
5 270.5 9.5 0.016617790811339198 0.027737226277372264
5 242.5 5.0 0.03225806451612903 0.014598540145985401
13 55.5 22.0 0.03616813294232649 0.06423357664233577
13 22.5 23.0 0.030303030303030304 0.06715328467153285
9 392.5 38.5 0.06744868035190615 0.11240875912408758
10 545.0 6.0 0.007820136852394917 0.017518248175182483
10 561.5 7.0 0.004887585532746823 0.020437956204379562
11 448.5 10.0 0.020527859237536656 0.029197080291970802
4 523.5 43.5 0.06158357771260997 0.12700729927007298
4 442.0 8.0 0.019550342130987292 0.02335766423357664
4 447.0 6.0 0.019550342130987292 0.017518248175182483
4 490.0 5.0 0.007820136852394917 0.014598540145985401
18 502.5 11.5 0.016617790811339198 0.033576642335766425
13 172.5 18.5 0.022482893450635387 0.05401459854014599
13 88.5 21.5 0.028347996089931573 0.06277372262773723
