7 210.5 84.0 0.139375 0.15804327375352775
13 161.5 40.0 0.065625 0.07525870178739416
13 257.5 43.5 0.050625 0.08184383819379115
13 473.5 42.0 0.035625 0.07902163687676388
13 528.0 35.0 0.02875 0.0658513640639699
13 354.0 21.5 0.02375 0.04045155221072436
13 702.5 9.0 0.010625 0.016933207902163686
13 677.0 13.5 0.015 0.02539981185324553
3 294.5 13.5 0.016875 0.02539981185324553
13 376.0 20.5 0.02375 0.03857008466603951
13 359.0 30.0 0.025 0.05644402634054563
13 322.5 32.0 0.029375 0.060206961429915336
13 639.0 16.0 0.02375 0.030103480714957668
15 815.5 67.5 0.074375 0.12699905926622765
16 1034.5 66.5 0.070625 0.1251175917215428
5 1017.5 28.5 0.035625 0.053621825023518345
3 905.0 15.0 0.03 0.028222013170272814
17 1454.5 87.0 0.081875 0.1636876763875823
4 1266.0 187.0 0.1575 0.35183443085606775
5 920.5 14.0 0.021875 0.02634054562558796
11 1001.0 14.0 0.0175 0.02634054562558796
13 1004.5 3.0 0.009375 0.005644402634054563
4 975.0 14.5 0.015 0.027281279397930385
15 956.0 12.0 0.0175 0.022577610536218252
15 944.5 6.0 0.015625 0.011288805268109126
17 943.5 5.5 0.006875 0.010348071495766699
17 964.0 4.0 0.005 0.007525870178739417
4 876.5 8.5 0.019375 0.01599247412982126
4 896.5 9.0 0.011875 0.016933207902163686
13 830.0 8.0 0.00625 0.015051740357478834
13 807.5 8.5 0.009375 0.01599247412982126
10 1019.0 7.5 0.005 0.014111006585136407
