2 509.5 39.5 0.11296296296296296 0.2200557103064067
9 197.0 47.0 0.11481481481481481 0.2618384401114206
5 142.0 26.0 0.09259259259259259 0.14484679665738162
17 56.0 21.5 0.07037037037037037 0.11977715877437325
17 104.0 20.5 0.06296296296296296 0.11420612813370473
16 201.5 19.0 0.06111111111111111 0.10584958217270195
17 500.5 25.5 0.10925925925925926 0.14206128133704735
10 443.5 19.5 0.04259259259259259 0.10863509749303621
4 355.5 95.0 0.28703703703703703 0.5292479108635098
5 415.0 22.5 0.1037037037037037 0.12534818941504178
3 420.0 10.0 0.040740740740740744 0.055710306406685235
4 342.5 23.5 0.09444444444444444 0.1309192200557103
4 306.0 17.0 0.06666666666666667 0.0947075208913649
17 267.5 15.0 0.03518518518518519 0.08356545961002786
9 213.0 16.5 0.04814814814814815 0.09192200557103064
17 173.5 17.5 0.05 0.09749303621169916
17 101.0 13.0 0.044444444444444446 0.07242339832869081
17 95.0 11.0 0.037037037037037035 0.06128133704735376
17 164.0 13.0 0.03333333333333333 0.07242339832869081
5 140.5 11.5 0.05740740740740741 0.06406685236768803
5 132.5 10.5 0.053703703703703705 0.0584958217270195
5 113.5 8.0 0.03888888888888889 0.04456824512534819
5 261.0 7.5 0.02962962962962963 0.04178272980501393
15 210.5 9.0 0.03888888888888889 0.05013927576601671
17 183.0 12.5 0.03333333333333333 0.06963788300835655
17 167.0 8.0 0.02962962962962963 0.04456824512534819
5 258.0 8.0 0.037037037037037035 0.04456824512534819
4 188.5 14.0 0.05 0.07799442896935933
4 157.0 13.0 0.05925925925925926 0.07242339832869081
5 134.0 6.0 0.025925925925925925 0.033426183844011144
5 212.0 8.0 0.03333333333333333 0.04456824512534819
5 209.5 5.0 0.027777777777777776 0.027855153203342618
4 173.5 9.5 0.04259259259259259 0.052924791086350974
4 307.5 7.0 0.06111111111111111 0.03899721448467967
5 209.5 3.0 0.020370370370370372 0.016713091922005572
