17 1150.5 54.0 0.10230769230769231 0.15428571428571428
17 127.5 45.5 0.08538461538461538 0.13
17 258.5 28.5 0.04384615384615385 0.08142857142857143
17 290.5 20.5 0.022307692307692306 0.05857142857142857
17 468.0 27.0 0.03538461538461538 0.07714285714285714
17 430.5 23.0 0.025384615384615384 0.06571428571428571
17 417.5 11.0 0.022307692307692306 0.03142857142857143
17 487.0 16.5 0.027692307692307693 0.047142857142857146
17 588.5 17.5 0.02076923076923077 0.05
17 566.5 16.0 0.013076923076923076 0.045714285714285714
17 987.0 52.0 0.052307692307692305 0.14857142857142858
17 1063.5 29.0 0.040769230769230766 0.08285714285714285
17 1023.5 15.5 0.05153846153846154 0.04428571428571428
17 797.5 36.0 0.03461538461538462 0.10285714285714286
14 718.0 22.0 0.023076923076923078 0.06285714285714286
10 803.0 12.5 0.015384615384615385 0.03571428571428571
13 852.5 14.5 0.016153846153846154 0.041428571428571426
4 786.5 16.0 0.019230769230769232 0.045714285714285714
10 771.5 7.0 0.006923076923076923 0.02
13 1110.0 41.0 0.046153846153846156 0.11714285714285715
13 1051.0 68.5 0.04461538461538461 0.1957142857142857
5 914.0 21.5 0.043076923076923075 0.06142857142857143
17 698.5 7.0 0.01 0.02
4 675.0 17.0 0.026153846153846153 0.04857142857142857
13 643.5 10.5 0.011538461538461539 0.03
13 591.5 14.0 0.016153846153846154 0.04
4 530.5 22.5 0.04384615384615385 0.06428571428571428
19 334.0 32.0 0.043076923076923075 0.09142857142857143
13 202.0 25.0 0.04 0.07142857142857142
5 105.0 28.5 0.09538461538461539 0.08142857142857143
10 1239.5 31.0 0.04384615384615385 0.08857142857142856
10 1203.0 28.0 0.03076923076923077 0.08
10 1108.5 20.5 0.026923076923076925 0.05857142857142857
10 1052.0 19.0 0.013846153846153847 0.054285714285714284
