4 816.5 45.0 0.2177734375 0.13677811550151975
4 593.0 44.5 0.16796875 0.135258358662614
4 395.5 44.5 0.2119140625 0.135258358662614
4 36.5 47.5 0.0673828125 0.14437689969604864
11 41.0 45.0 0.076171875 0.13677811550151975
19 49.5 43.5 0.0712890625 0.13221884498480244
9 109.0 40.0 0.048828125 0.12158054711246201
5 345.5 27.5 0.0732421875 0.08358662613981763
19 263.0 33.5 0.076171875 0.10182370820668693
4 421.5 38.0 0.1533203125 0.11550151975683891
4 551.0 23.5 0.140625 0.07142857142857142
4 705.0 29.5 0.16796875 0.08966565349544073
7 95.5 31.0 0.0458984375 0.09422492401215805
11 194.0 32.5 0.04296875 0.09878419452887538
4 286.5 57.0 0.1005859375 0.17325227963525835
4 143.5 60.5 0.0498046875 0.1838905775075988
4 191.5 41.5 0.0380859375 0.12613981762917933
4 228.5 41.5 0.0380859375 0.12613981762917933
4 276.5 19.5 0.0595703125 0.05927051671732523
4 261.5 12.0 0.0517578125 0.0364741641337386
4 343.0 34.5 0.1015625 0.10486322188449848
4 423.5 42.0 0.0830078125 0.1276595744680851
5 170.5 19.0 0.0283203125 0.057750759878419454
19 140.5 12.0 0.0302734375 0.0364741641337386
4 49.5 41.5 0.0947265625 0.12613981762917933
17 188.0 8.5 0.0234375 0.025835866261398176
4 718.0 20.5 0.13671875 0.06231003039513678
4 538.0 55.5 0.125 0.16869300911854104
4 679.5 36.5 0.1494140625 0.11094224924012158
4 891.0 32.5 0.1328125 0.09878419452887538
4 955.0 22.0 0.134765625 0.0668693009118541
4 979.5 12.0 0.0869140625 0.0364741641337386
4 991.0 33.0 0.064453125 0.10030395136778116
13 161.0 17.0 0.03125 0.05167173252279635
13 178.0 16.5 0.03515625 0.05015197568389058
13 196.5 14.0 0.0166015625 0.0425531914893617
13 228.0 15.0 0.021484375 0.04559270516717325
13 319.0 12.5 0.015625 0.037993920972644375
13 196.5 11.5 0.0224609375 0.034954407294832825
13 246.5 17.0 0.0498046875 0.05167173252279635
3 103.5 18.5 0.0224609375 0.05623100303951368
13 219.0 26.0 0.0546875 0.0790273556231003
13 266.5 17.5 0.0361328125 0.05319148936170213
13 319.0 14.5 0.044921875 0.044072948328267476
13 304.0 12.0 0.0625 0.0364741641337386
13 239.0 26.0 0.03515625 0.0790273556231003
13 269.5 15.5 0.0244140625 0.04711246200607903
13 304.5 9.5 0.0283203125 0.028875379939209727
13 320.0 23.5 0.0234375 0.07142857142857142
13 342.0 19.5 0.01953125 0.05927051671732523
13 357.5 16.0 0.0205078125 0.0486322188449848
13 273.0 20.5 0.029296875 0.06231003039513678
13 289.5 19.5 0.0263671875 0.05927051671732523
13 397.0 11.0 0.03125 0.03343465045592705
13 391.0 18.5 0.03125 0.05623100303951368
13 376.5 14.0 0.0185546875 0.0425531914893617
13 399.0 17.0 0.01953125 0.05167173252279635
13 424.0 24.0 0.0234375 0.0729483282674772
13 448.0 19.5 0.01953125 0.05927051671732523
13 439.0 6.5 0.0234375 0.019756838905775075
13 559.5 20.0 0.0576171875 0.060790273556231005
3 511.5 15.0 0.0361328125 0.04559270516717325
13 430.5 15.0 0.0341796875 0.04559270516717325
13 474.0 15.5 0.037109375 0.04711246200607903
13 523.5 17.5 0.0498046875 0.05319148936170213
13 416.0 11.5 0.041015625 0.034954407294832825
13 445.0 10.0 0.025390625 0.030395136778115502
13 571.0 16.5 0.0390625 0.05015197568389058
13 545.5 10.5 0.0361328125 0.031914893617021274
10 533.0 7.5 0.033203125 0.022796352583586626
13 551.5 14.0 0.0263671875 0.0425531914893617
13 591.5 13.5 0.0361328125 0.041033434650455926
13 576.5 12.0 0.0439453125 0.0364741641337386
13 627.0 13.5 0.041015625 0.041033434650455926
13 660.5 16.5 0.0185546875 0.05015197568389058
13 690.0 16.0 0.041015625 0.0486322188449848
13 731.0 18.0 0.037109375 0.0547112462006079
13 775.5 18.0 0.0458984375 0.0547112462006079
13 803.5 18.0 0.0185546875 0.0547112462006079
13 820.0 17.5 0.037109375 0.05319148936170213
13 810.5 9.0 0.0205078125 0.02735562310030395
13 860.5 16.5 0.0361328125 0.05015197568389058
13 975.0 13.5 0.02734375 0.041033434650455926
13 1009.5 18.0 0.0263671875 0.0547112462006079
13 844.5 10.5 0.0302734375 0.031914893617021274
13 807.0 19.0 0.025390625 0.057750759878419454
13 796.5 17.0 0.0224609375 0.05167173252279635
13 965.0 14.5 0.021484375 0.044072948328267476
13 935.0 13.0 0.0234375 0.03951367781155015
13 922.0 11.5 0.0234375 0.034954407294832825
13 878.5 10.0 0.0185546875 0.030395136778115502
17 898.0 15.5 0.052734375 0.04711246200607903
13 633.0 14.5 0.01953125 0.044072948328267476
13 817.5 11.0 0.0126953125 0.03343465045592705
