10 922.5 39.5 0.036153846153846154 0.10851648351648352
17 793.0 25.5 0.02923076923076923 0.07005494505494506
17 749.5 33.5 0.036153846153846154 0.09203296703296704
17 685.0 40.5 0.04153846153846154 0.11126373626373626
17 623.5 36.5 0.04230769230769231 0.10027472527472528
17 544.0 10.5 0.02 0.028846153846153848
17 540.5 15.5 0.011538461538461539 0.042582417582417584
17 560.0 13.5 0.02 0.03708791208791209
5 698.0 18.0 0.03076923076923077 0.04945054945054945
5 452.5 27.5 0.06846153846153846 0.07554945054945054
5 548.5 19.0 0.03769230769230769 0.0521978021978022
5 610.0 14.0 0.026153846153846153 0.038461538461538464
5 727.5 7.5 0.011538461538461539 0.020604395604395604
17 667.5 7.5 0.005384615384615384 0.020604395604395604
11 619.5 12.0 0.014615384615384615 0.03296703296703297
