4 704.5 110.5 0.23625 0.4911111111111111
19 566.0 47.5 0.1 0.2111111111111111
10 497.5 20.5 0.04375 0.09111111111111111
10 550.5 31.5 0.03625 0.14
17 538.0 11.0 0.0925 0.04888888888888889
5 416.5 24.5 0.12125 0.10888888888888888
5 248.5 16.5 0.13125 0.07333333333333333
5 228.0 42.0 0.13 0.18666666666666668
5 335.5 52.0 0.10375 0.2311111111111111
5 258.0 27.0 0.1 0.12
5 22.5 26.5 0.04125 0.11777777777777777
5 126.5 22.0 0.08875 0.09777777777777778
5 50.5 14.0 0.07625 0.06222222222222222
5 92.5 18.5 0.03125 0.08222222222222222
5 94.0 14.0 0.055 0.06222222222222222
5 53.5 10.5 0.04375 0.04666666666666667
5 347.0 36.0 0.0925 0.16
5 281.0 21.5 0.075 0.09555555555555556
5 299.5 13.0 0.08125 0.057777777777777775
5 310.0 12.5 0.065 0.05555555555555555
5 315.5 7.5 0.05875 0.03333333333333333
5 434.0 13.0 0.075 0.057777777777777775
5 502.0 13.5 0.04 0.06
5 520.0 10.5 0.035 0.04666666666666667
5 372.0 9.0 0.0475 0.04
16 381.5 8.5 0.03875 0.03777777777777778
5 472.0 10.0 0.015 0.044444444444444446
5 490.0 6.0 0.025 0.02666666666666667
5 491.0 9.0 0.035 0.04
5 465.0 6.5 0.025 0.028888888888888888
5 286.0 12.0 0.0075 0.05333333333333334
15 572.0 16.5 0.0875 0.07333333333333333
15 557.0 16.5 0.06 0.07333333333333333
15 430.0 12.0 0.0825 0.05333333333333334
15 286.5 7.5 0.02625 0.03333333333333333
4 427.5 18.0 0.06125 0.08
4 438.5 7.5 0.04875 0.03333333333333333
4 407.5 10.5 0.03875 0.04666666666666667
4 367.5 11.0 0.03875 0.04888888888888889
8 350.0 13.0 0.0475 0.057777777777777775
4 220.0 25.0 0.075 0.1111111111111111
4 131.5 26.5 0.11625 0.11777777777777777
4 456.0 6.0 0.0325 0.02666666666666667
4 433.0 7.0 0.025 0.03111111111111111
15 102.0 36.5 0.1275 0.1622222222222222
10 68.0 8.0 0.0375 0.035555555555555556
9 13.5 29.0 0.02625 0.1288888888888889
19 201.5 18.0 0.06125 0.08
19 187.0 24.0 0.0625 0.10666666666666667
19 367.0 17.5 0.0575 0.07777777777777778
19 328.5 15.5 0.05625 0.06888888888888889
5 393.5 9.0 0.04375 0.04
15 425.0 14.0 0.06 0.06222222222222222
15 347.5 7.5 0.03625 0.03333333333333333
5 379.5 9.5 0.01375 0.042222222222222223
11 359.5 16.0 0.07125 0.07111111111111111
17 467.5 16.0 0.03125 0.07111111111111111
17 524.5 7.5 0.03625 0.03333333333333333
4 469.5 7.5 0.02375 0.03333333333333333
9 443.0 21.0 0.0775 0.09333333333333334
9 500.5 39.5 0.06625 0.17555555555555555
7 433.0 59.5 0.095 0.2644444444444444
15 265.5 9.0 0.03125 0.04
15 434.0 5.5 0.035 0.024444444444444446
