17 735.0 65.5 0.08 0.17994505494505494
5 1035.0 50.0 0.11076923076923077 0.13736263736263737
5 1248.0 34.0 0.08 0.09340659340659341
5 1238.0 46.0 0.09538461538461539 0.12637362637362637
9 1045.5 63.0 0.09769230769230769 0.17307692307692307
17 1211.0 54.5 0.07384615384615385 0.14972527472527472
11 1186.0 63.0 0.1 0.17307692307692307
5 966.0 49.0 0.038461538461538464 0.1346153846153846
4 771.5 173.5 0.14692307692307693 0.4766483516483517
11 885.5 58.5 0.026923076923076925 0.16071428571428573
9 1073.0 36.0 0.07230769230769231 0.0989010989010989
9 989.5 44.0 0.07307692307692308 0.12087912087912088
17 1097.0 21.0 0.047692307692307694 0.057692307692307696
17 1031.0 20.0 0.04153846153846154 0.054945054945054944
17 979.0 13.0 0.04461538461538461 0.03571428571428571
17 930.0 39.5 0.02923076923076923 0.10851648351648352
11 889.5 37.5 0.02846153846153846 0.10302197802197802
5 982.5 24.0 0.045384615384615384 0.06593406593406594
5 900.0 27.5 0.04461538461538461 0.07554945054945054
17 947.5 29.5 0.03 0.08104395604395605
17 1035.5 25.0 0.03461538461538462 0.06868131868131869
11 984.0 50.5 0.05692307692307692 0.13873626373626374
11 836.5 18.5 0.04692307692307692 0.050824175824175824
10 916.5 16.5 0.016153846153846154 0.04532967032967033
5 907.5 21.5 0.03923076923076923 0.059065934065934064
4 940.5 25.5 0.04692307692307692 0.07005494505494506
4 806.5 45.0 0.05923076923076923 0.12362637362637363
4 906.5 17.0 0.036153846153846154 0.046703296703296704
5 873.5 20.5 0.022307692307692306 0.05631868131868132
11 101.0 49.0 0.15384615384615385 0.1346153846153846
12 207.0 113.5 0.19538461538461538 0.3118131868131868
5 362.5 53.5 0.06230769230769231 0.14697802197802198
5 479.5 44.0 0.08384615384615385 0.12087912087912088
5 485.5 23.5 0.07153846153846154 0.06456043956043957
15 331.5 29.5 0.09307692307692307 0.08104395604395605
5 373.5 36.0 0.05923076923076923 0.0989010989010989
11 366.0 27.5 0.06461538461538462 0.07554945054945054
15 360.0 22.5 0.07230769230769231 0.061813186813186816
5 471.0 24.5 0.06 0.0673076923076923
5 40.0 27.0 0.06 0.07417582417582418
17 46.5 29.5 0.05923076923076923 0.08104395604395605
9 195.5 21.0 0.0823076923076923 0.057692307692307696
5 35.5 23.5 0.05307692307692308 0.06456043956043957
5 94.5 23.5 0.07307692307692308 0.06456043956043957
5 28.0 26.5 0.04153846153846154 0.07280219780219781
5 121.5 10.5 0.06538461538461539 0.028846153846153848
9 236.0 26.0 0.07384615384615385 0.07142857142857142
11 231.5 20.0 0.06230769230769231 0.054945054945054944
5 294.0 30.5 0.033846153846153845 0.08379120879120878
5 436.5 28.5 0.045384615384615384 0.0782967032967033
5 840.0 11.0 0.015384615384615385 0.03021978021978022
11 54.5 46.0 0.06230769230769231 0.12637362637362637
17 130.5 31.0 0.04692307692307692 0.08516483516483517
17 235.0 11.5 0.04153846153846154 0.03159340659340659
9 162.0 29.5 0.06461538461538462 0.08104395604395605
15 239.5 19.0 0.05307692307692308 0.0521978021978022
4 190.0 34.0 0.11846153846153847 0.09340659340659341
17 380.5 12.5 0.031538461538461536 0.034340659340659344
4 408.5 29.5 0.06538461538461539 0.08104395604395605
4 488.5 26.0 0.045384615384615384 0.07142857142857142
