11 471.5 17.5 0.0380859375 0.05239520958083832
11 500.5 11.5 0.0224609375 0.0344311377245509
4 537.0 6.5 0.025390625 0.019461077844311378
9 509.5 15.0 0.0146484375 0.04491017964071856
13 492.5 7.5 0.0146484375 0.02245508982035928
13 816.0 33.0 0.048828125 0.09880239520958084
13 893.5 23.5 0.0654296875 0.07035928143712575
13 907.5 22.5 0.0439453125 0.06736526946107785
13 929.5 18.5 0.0595703125 0.05538922155688623
13 619.0 25.0 0.0390625 0.0748502994011976
13 475.0 11.0 0.04296875 0.03293413173652695
13 116.5 30.5 0.0166015625 0.09131736526946108
13 881.5 26.5 0.0380859375 0.07934131736526946
13 985.5 15.5 0.0341796875 0.04640718562874251
13 944.5 20.5 0.0419921875 0.061377245508982034
13 922.5 15.5 0.0341796875 0.04640718562874251
13 713.0 20.5 0.03515625 0.061377245508982034
13 763.5 21.5 0.0302734375 0.06437125748502993
13 968.5 14.5 0.0283203125 0.04341317365269461
13 975.0 17.5 0.033203125 0.05239520958083832
13 854.5 10.0 0.0283203125 0.029940119760479042
13 965.0 12.5 0.01953125 0.0374251497005988
13 996.5 7.5 0.0224609375 0.02245508982035928
13 944.5 7.5 0.0146484375 0.02245508982035928
13 997.5 9.5 0.0205078125 0.02844311377245509
13 927.0 6.5 0.017578125 0.019461077844311378
13 957.5 7.0 0.0126953125 0.020958083832335328
13 954.0 6.0 0.005859375 0.017964071856287425
13 711.0 9.0 0.017578125 0.02694610778443114
13 325.0 11.0 0.033203125 0.03293413173652695
13 330.5 13.0 0.0302734375 0.038922155688622756
13 355.5 12.5 0.0302734375 0.0374251497005988
13 408.0 17.0 0.0234375 0.05089820359281437
13 478.0 10.5 0.033203125 0.03143712574850299
13 452.5 7.5 0.0283203125 0.02245508982035928
4 671.5 7.0 0.0595703125 0.020958083832335328
4 665.5 8.5 0.0341796875 0.025449101796407185
4 708.0 11.5 0.029296875 0.0344311377245509
4 738.0 5.0 0.025390625 0.014970059880239521
18 749.0 3.0 0.03515625 0.008982035928143712
18 778.5 21.0 0.0419921875 0.06287425149700598
4 813.0 16.5 0.044921875 0.04940119760479042
8 851.0 39.5 0.060546875 0.11826347305389222
8 910.5 27.5 0.0400390625 0.08233532934131736
8 795.5 52.5 0.0888671875 0.15718562874251496
11 529.5 40.0 0.0849609375 0.11976047904191617
11 1005.5 21.0 0.0361328125 0.06287425149700598
13 960.5 11.0 0.0263671875 0.03293413173652695
11 1000.0 28.0 0.046875 0.08383233532934131
13 947.5 19.0 0.0166015625 0.05688622754491018
17 798.5 19.5 0.0400390625 0.058383233532934134
13 862.0 14.5 0.0234375 0.04341317365269461
13 884.5 12.0 0.0283203125 0.03592814371257485
5 1002.0 42.0 0.04296875 0.12574850299401197
8 969.5 15.5 0.0419921875 0.04640718562874251
11 857.0 27.5 0.0546875 0.08233532934131736
11 910.0 17.5 0.046875 0.05239520958083832
11 904.0 8.0 0.025390625 0.023952095808383235
11 937.5 11.5 0.0224609375 0.0344311377245509
11 692.0 56.0 0.185546875 0.16766467065868262
19 679.0 16.5 0.06640625 0.04940119760479042
10 25.5 19.0 0.0439453125 0.05688622754491018
5 47.5 22.5 0.0908203125 0.06736526946107785
5 56.5 41.0 0.1064453125 0.12275449101796407
5 140.5 29.0 0.1005859375 0.08682634730538923
19 140.0 28.0 0.13671875 0.08383233532934131
7 222.0 22.0 0.05078125 0.0658682634730539
7 331.5 42.0 0.0458984375 0.12574850299401197
7 335.5 25.0 0.0908203125 0.0748502994011976
4 206.0 62.5 0.162109375 0.18712574850299402
4 348.0 96.5 0.208984375 0.28892215568862273
4 499.5 84.5 0.2119140625 0.25299401197604793
5 374.5 28.5 0.0380859375 0.08532934131736528
5 405.5 19.5 0.0634765625 0.058383233532934134
17 448.0 23.5 0.041015625 0.07035928143712575
4 480.5 39.5 0.0830078125 0.11826347305389222
4 540.0 42.5 0.03125 0.12724550898203593
4 572.0 28.5 0.103515625 0.08532934131736528
4 654.0 22.0 0.060546875 0.0658682634730539
4 673.0 12.5 0.037109375 0.0374251497005988
4 669.0 6.0 0.03125 0.017964071856287425
4 725.5 18.5 0.0439453125 0.05538922155688623
11 750.0 13.0 0.0390625 0.038922155688622756
11 702.5 13.5 0.0263671875 0.040419161676646706
11 755.0 10.0 0.033203125 0.029940119760479042
0 740.5 11.5 0.0419921875 0.0344311377245509
13 639.0 4.5 0.01171875 0.01347305389221557
17 601.0 9.0 0.025390625 0.02694610778443114
11 673.5 12.5 0.0576171875 0.0374251497005988
4 756.5 46.5 0.0634765625 0.13922155688622753
11 797.5 24.5 0.0146484375 0.07335329341317365
4 799.0 21.5 0.052734375 0.06437125748502993
4 692.5 60.0 0.0615234375 0.17964071856287425
4 630.5 64.0 0.1064453125 0.19161676646706588
11 421.5 12.0 0.0458984375 0.03592814371257485
11 216.5 20.5 0.0751953125 0.061377245508982034
11 639.0 10.5 0.0234375 0.03143712574850299
8 890.5 11.0 0.0283203125 0.03293413173652695
