19 132.0 14.5 0.06620689655172414 0.0725
10 121.5 9.0 0.020689655172413793 0.045
18 258.0 12.5 0.07172413793103448 0.0625
10 265.5 5.0 0.01793103448275862 0.025
18 92.0 18.0 0.25103448275862067 0.09
18 90.5 70.0 0.24689655172413794 0.35
18 221.0 49.5 0.11862068965517242 0.2475
18 324.0 48.0 0.12689655172413794 0.24
18 349.0 30.0 0.10206896551724139 0.15
18 332.5 32.0 0.09241379310344827 0.16
18 394.0 32.0 0.060689655172413794 0.16
18 486.0 23.5 0.06344827586206897 0.1175
18 437.5 24.0 0.05103448275862069 0.12
18 397.5 8.5 0.05655172413793103 0.0425
18 516.0 14.0 0.02482758620689655 0.07
18 532.0 16.0 0.03310344827586207 0.08
18 551.5 14.5 0.02620689655172414 0.0725
18 570.5 12.0 0.02620689655172414 0.06
18 604.0 12.5 0.03586206896551724 0.0625
