5 852.0 59.5 0.119140625 0.17423133235724744
5 969.5 16.5 0.1064453125 0.048316251830161056
5 998.0 51.5 0.05078125 0.15080527086383602
5 970.0 43.5 0.103515625 0.1273792093704246
19 946.0 36.0 0.072265625 0.1054172767203514
9 764.5 47.5 0.0830078125 0.1390922401171303
17 974.0 35.0 0.052734375 0.10248901903367497
5 696.5 29.5 0.0693359375 0.08638360175695461
5 806.0 30.5 0.0625 0.08931185944363104
4 855.0 56.0 0.103515625 0.16398243045387995
5 743.5 26.5 0.0498046875 0.07759882869692533
19 947.5 19.5 0.0732421875 0.05710102489019034
4 798.0 41.0 0.05078125 0.12005856515373353
19 713.0 27.0 0.0546875 0.07906295754026355
9 642.0 28.0 0.0546875 0.08199121522693997
5 674.0 20.0 0.0234375 0.05856515373352855
5 761.5 16.0 0.0244140625 0.04685212298682284
5 641.0 12.5 0.0390625 0.036603221083455345
19 701.0 16.0 0.041015625 0.04685212298682284
4 828.5 18.0 0.0595703125 0.0527086383601757
10 738.0 11.0 0.013671875 0.032210834553440704
4 824.0 13.5 0.048828125 0.03953147877013177
4 737.0 15.0 0.05078125 0.043923865300146414
19 712.5 14.5 0.0283203125 0.0424597364568082
4 679.5 22.0 0.0400390625 0.06442166910688141
4 494.0 16.5 0.052734375 0.048316251830161056
4 401.0 16.5 0.0390625 0.048316251830161056
4 356.5 19.5 0.0556640625 0.05710102489019034
4 460.0 21.0 0.041015625 0.06149341142020498
4 325.0 15.5 0.05078125 0.04538799414348463
19 433.0 10.0 0.0234375 0.029282576866764276
5 506.5 10.0 0.0146484375 0.029282576866764276
19 543.0 10.5 0.0234375 0.03074670571010249
9 370.5 10.0 0.0302734375 0.029282576866764276
9 423.5 9.5 0.0400390625 0.027818448023426062
11 395.5 9.5 0.0244140625 0.027818448023426062
9 473.5 9.5 0.0302734375 0.027818448023426062
9 385.5 9.0 0.0322265625 0.02635431918008785
5 530.5 7.0 0.0244140625 0.020497803806734993
11 535.5 12.5 0.0380859375 0.036603221083455345
5 509.0 9.0 0.013671875 0.02635431918008785
4 239.0 18.5 0.08203125 0.05417276720351391
4 301.5 19.5 0.0166015625 0.05710102489019034
4 287.0 30.0 0.01953125 0.08784773060029283
4 396.0 25.5 0.0703125 0.0746705710102489
5 350.5 14.0 0.0146484375 0.040995607613469986
5 470.0 19.0 0.041015625 0.055636896046852125
11 527.0 31.5 0.0625 0.09224011713030747
0 540.5 30.5 0.0576171875 0.08931185944363104
9 423.5 15.5 0.0517578125 0.04538799414348463
19 317.0 26.0 0.052734375 0.07613469985358712
5 332.0 14.0 0.060546875 0.040995607613469986
5 378.0 21.5 0.048828125 0.0629575402635432
5 327.0 15.0 0.046875 0.043923865300146414
15 432.5 20.0 0.0556640625 0.05856515373352855
5 402.5 22.0 0.0537109375 0.06442166910688141
4 163.0 22.0 0.033203125 0.06442166910688141
4 235.0 27.5 0.109375 0.08052708638360176
4 232.0 42.5 0.099609375 0.12445095168374817
15 338.5 30.5 0.0771484375 0.08931185944363104
5 330.0 15.5 0.0625 0.04538799414348463
15 306.0 33.0 0.091796875 0.09663250366032211
4 112.0 28.0 0.115234375 0.08199121522693997
4 136.5 38.0 0.1220703125 0.11127379209370425
4 175.0 82.5 0.1328125 0.24158125915080528
17 406.5 25.5 0.0576171875 0.0746705710102489
17 432.0 26.0 0.052734375 0.07613469985358712
9 439.0 33.5 0.072265625 0.09809663250366032
5 508.5 21.5 0.0556640625 0.0629575402635432
5 520.0 23.5 0.056640625 0.06881405563689605
5 546.0 13.5 0.0625 0.03953147877013177
5 535.5 14.5 0.0673828125 0.0424597364568082
15 530.0 36.0 0.087890625 0.1054172767203514
5 422.0 19.0 0.08203125 0.055636896046852125
5 286.5 32.0 0.0849609375 0.09370424597364568
5 345.0 32.0 0.052734375 0.09370424597364568
5 479.0 33.0 0.0859375 0.09663250366032211
9 394.0 53.0 0.1015625 0.15519765739385066
11 524.0 68.5 0.119140625 0.2005856515373353
5 598.0 44.5 0.02734375 0.13030746705710103
5 573.0 54.0 0.12890625 0.1581259150805271
5 605.0 32.0 0.14453125 0.09370424597364568
5 392.5 47.0 0.1337890625 0.1376281112737921
15 218.5 51.5 0.1142578125 0.15080527086383602
11 290.5 78.5 0.1298828125 0.22986822840409957
17 40.5 13.5 0.0634765625 0.03953147877013177
5 42.0 15.0 0.0625 0.043923865300146414
5 33.5 17.0 0.0634765625 0.04978038067349927
15 17.5 31.0 0.0322265625 0.09077598828696926
17 64.5 40.0 0.0654296875 0.1171303074670571
5 26.5 37.0 0.0498046875 0.10834553440702782
5 9.0 44.5 0.015625 0.13030746705710103
5 110.0 47.5 0.115234375 0.1390922401171303
17 58.0 47.0 0.099609375 0.1376281112737921
5 272.0 15.0 0.134765625 0.043923865300146414
