10 76.5 22.0 0.03666666666666667 0.0763888888888889
10 233.5 24.5 0.027777777777777776 0.08506944444444445
7 678.5 29.5 0.06111111111111111 0.10243055555555555
5 536.5 13.5 0.03888888888888889 0.046875
19 484.5 13.0 0.027777777777777776 0.04513888888888889
7 317.5 12.0 0.023333333333333334 0.041666666666666664
4 381.0 14.5 0.02666666666666667 0.050347222222222224
4 473.0 11.5 0.024444444444444446 0.03993055555555555
7 450.0 8.5 0.017777777777777778 0.029513888888888888
4 388.5 8.5 0.01888888888888889 0.029513888888888888
