4 154.0 75.5 0.315625 0.3775
18 457.0 69.0 0.246875 0.345
18 584.0 43.0 0.171875 0.215
11 364.5 71.0 0.2140625 0.355
11 296.5 64.0 0.1703125 0.32
11 229.0 37.0 0.1375 0.185
4 166.5 32.0 0.0671875 0.16
18 145.0 37.0 0.090625 0.185
18 96.0 22.5 0.06875 0.1125
11 385.5 30.5 0.0734375 0.1525
11 474.5 25.0 0.0921875 0.125
18 427.0 22.0 0.0625 0.11
17 480.5 14.0 0.0390625 0.07
19 447.0 18.0 0.053125 0.09
19 589.5 18.5 0.0921875 0.0925
5 93.0 13.5 0.0625 0.0675
19 32.5 27.5 0.0796875 0.1375
11 350.0 20.0 0.04375 0.1
7 328.0 14.0 0.0375 0.07
19 271.0 15.0 0.075 0.075
4 225.0 24.5 0.215625 0.1225
11 319.0 16.0 0.04375 0.08
11 66.0 14.0 0.0375 0.07
11 55.0 14.0 0.03125 0.07
5 63.0 7.5 0.028125 0.0375
