5 370.5 76.0 0.27610208816705334 0.2638888888888889
5 53.5 76.0 0.24361948955916474 0.2638888888888889
5 42.5 52.0 0.1925754060324826 0.18055555555555555
5 102.5 46.0 0.14153132250580047 0.1597222222222222
13 351.0 36.5 0.11136890951276102 0.1267361111111111
13 316.0 29.5 0.05568445475638051 0.10243055555555555
5 92.0 27.5 0.12529002320185614 0.0954861111111111
9 278.0 59.0 0.12064965197215777 0.2048611111111111
5 133.0 25.5 0.05568445475638051 0.08854166666666667
17 270.5 13.5 0.07192575406032482 0.046875
9 294.5 23.5 0.08120649651972157 0.08159722222222222
4 165.0 125.5 0.24129930394431554 0.4357638888888889
7 233.5 30.0 0.058004640371229696 0.10416666666666667
15 251.0 17.0 0.06496519721577726 0.059027777777777776
9 132.5 17.0 0.06728538283062645 0.059027777777777776
15 161.5 12.5 0.06264501160092807 0.043402777777777776
13 228.5 10.5 0.03480278422273782 0.036458333333333336
13 208.5 5.5 0.03480278422273782 0.019097222222222224
19 281.5 12.5 0.06264501160092807 0.043402777777777776
10 182.5 9.0 0.02088167053364269 0.03125
9 205.0 12.5 0.04640371229698376 0.043402777777777776
13 220.5 12.0 0.02088167053364269 0.041666666666666664
5 244.0 7.5 0.05104408352668213 0.026041666666666668
15 158.0 10.5 0.037122969837587005 0.036458333333333336
5 212.5 7.0 0.04408352668213457 0.024305555555555556
5 182.5 11.0 0.05336426914153132 0.03819444444444445
5 162.5 6.5 0.04408352668213457 0.022569444444444444
11 188.0 6.5 0.04176334106728538 0.022569444444444444
17 175.0 6.0 0.03248259860788863 0.020833333333333332
5 272.0 5.0 0.04640371229698376 0.017361111111111112
5 264.0 6.0 0.04176334106728538 0.020833333333333332
19 180.5 4.5 0.03944315545243619 0.015625
5 194.0 4.5 0.03248259860788863 0.015625
7 216.5 8.5 0.03480278422273782 0.029513888888888888
9 235.0 7.5 0.037122969837587005 0.026041666666666668
5 203.0 5.5 0.03248259860788863 0.019097222222222224
4 46.5 23.0 0.20185614849187936 0.0798611111111111
5 25.5 7.0 0.0765661252900232 0.024305555555555556
17 28.0 14.0 0.07888631090487239 0.04861111111111111
5 248.5 6.0 0.025522041763341066 0.020833333333333332
