13 740.5 59.5 0.07161458333333333 0.2065972222222222
13 670.0 20.5 0.09895833333333333 0.07118055555555555
13 589.0 58.5 0.09114583333333333 0.203125
13 636.0 25.5 0.0703125 0.08854166666666667
13 578.0 38.5 0.08072916666666667 0.13368055555555555
10 634.0 25.0 0.046875 0.08680555555555555
10 583.5 22.0 0.032552083333333336 0.0763888888888889
13 550.0 43.0 0.046875 0.14930555555555555
13 734.0 23.5 0.0859375 0.08159722222222222
13 747.0 30.5 0.0546875 0.10590277777777778
3 701.0 17.0 0.057291666666666664 0.059027777777777776
13 634.0 19.0 0.041666666666666664 0.06597222222222222
13 580.0 20.0 0.036458333333333336 0.06944444444444445
13 507.0 10.0 0.020833333333333332 0.034722222222222224
13 496.0 5.5 0.018229166666666668 0.019097222222222224
13 473.5 10.0 0.014322916666666666 0.034722222222222224
13 490.5 4.5 0.016927083333333332 0.015625
13 462.5 7.0 0.01171875 0.024305555555555556
13 449.0 6.0 0.010416666666666666 0.020833333333333332
4 452.0 176.0 0.20052083333333334 0.6111111111111112
5 290.0 65.5 0.16927083333333334 0.22743055555555555
5 117.0 33.5 0.203125 0.11631944444444445
17 214.5 69.0 0.14453125 0.23958333333333334
15 335.5 65.5 0.12630208333333334 0.22743055555555555
17 244.5 35.5 0.08723958333333333 0.1232638888888889
10 516.5 12.5 0.037760416666666664 0.043402777777777776
4 459.5 34.0 0.10286458333333333 0.11805555555555555
15 364.5 33.5 0.06380208333333333 0.11631944444444445
11 404.0 32.0 0.028645833333333332 0.1111111111111111
5 386.5 9.5 0.04296875 0.03298611111111111
9 392.0 16.0 0.036458333333333336 0.05555555555555555
4 438.5 20.0 0.053385416666666664 0.06944444444444445
4 430.0 9.0 0.036458333333333336 0.03125
4 428.0 7.0 0.0390625 0.024305555555555556
4 397.0 19.5 0.03125 0.06770833333333333
4 294.5 60.0 0.10807291666666667 0.20833333333333334
5 350.0 21.0 0.015625 0.07291666666666667
5 357.0 7.0 0.036458333333333336 0.024305555555555556
4 358.0 24.5 0.052083333333333336 0.08506944444444445
5 379.0 4.0 0.015625 0.013888888888888888
5 252.0 13.5 0.0546875 0.046875
15 56.0 69.5 0.14322916666666666 0.24131944444444445
15 141.5 36.5 0.12109375 0.1267361111111111
