15 758.5 78.5 0.10234375 0.21805555555555556
17 788.0 23.5 0.046875 0.06527777777777778
13 723.0 22.5 0.028125 0.0625
13 696.5 19.0 0.01796875 0.05277777777777778
13 696.0 8.5 0.01875 0.02361111111111111
19 379.5 90.0 0.17109375 0.25
4 58.5 69.5 0.08984375 0.19305555555555556
4 562.5 138.0 0.13046875 0.38333333333333336
4 628.5 75.0 0.07578125 0.20833333333333334
4 638.5 22.5 0.03828125 0.0625
4 619.0 10.0 0.034375 0.027777777777777776
4 563.0 38.0 0.059375 0.10555555555555556
4 569.5 12.0 0.03984375 0.03333333333333333
4 551.0 17.5 0.0359375 0.04861111111111111
4 511.0 11.5 0.028125 0.03194444444444444
4 463.0 11.5 0.0515625 0.03194444444444444
4 487.5 19.5 0.06171875 0.05416666666666667
4 398.0 78.5 0.1109375 0.21805555555555556
4 391.5 32.0 0.10078125 0.08888888888888889
4 188.5 148.0 0.22578125 0.4111111111111111
