19 894.5 27.0 0.18359375 0.075
15 806.5 99.5 0.16796875 0.2763888888888889
5 770.0 76.0 0.184375 0.2111111111111111
17 798.0 32.0 0.078125 0.08888888888888889
15 692.5 51.0 0.07734375 0.14166666666666666
5 624.0 37.0 0.0296875 0.10277777777777777
17 545.0 17.5 0.0359375 0.04861111111111111
4 553.0 37.0 0.0859375 0.10277777777777777
4 620.0 15.0 0.09375 0.041666666666666664
4 360.5 109.5 0.26640625 0.30416666666666664
4 562.0 158.0 0.16875 0.4388888888888889
4 286.5 91.5 0.17265625 0.25416666666666665
4 85.5 193.0 0.13203125 0.5361111111111111
4 335.5 63.0 0.11484375 0.175
4 194.5 74.5 0.09609375 0.20694444444444443
8 474.0 29.5 0.09375 0.08194444444444444
4 351.0 19.0 0.0796875 0.05277777777777778
4 255.5 18.0 0.07421875 0.05
4 447.0 46.5 0.065625 0.12916666666666668
4 353.5 24.5 0.06953125 0.06805555555555555
4 358.5 14.5 0.06796875 0.04027777777777778
4 436.5 12.0 0.04921875 0.03333333333333333
4 336.0 18.0 0.05625 0.05
4 448.5 12.5 0.03671875 0.034722222222222224
11 389.5 16.5 0.02578125 0.04583333333333333
