5 276.0 6.0 0.0109375 0.016666666666666666
5 292.5 5.5 0.01171875 0.015277777777777777
5 304.5 7.5 0.01015625 0.020833333333333332
4 253.5 9.0 0.01328125 0.025
4 363.5 8.5 0.01796875 0.02361111111111111
5 402.5 10.0 0.01796875 0.027777777777777776
5 421.0 7.0 0.0125 0.019444444444444445
5 455.0 10.0 0.021875 0.027777777777777776
5 474.5 10.0 0.01015625 0.027777777777777776
10 485.5 10.5 0.01015625 0.029166666666666667
5 324.5 4.5 0.02109375 0.0125
5 332.0 26.0 0.0765625 0.07222222222222222
5 106.5 38.5 0.08671875 0.10694444444444444
17 226.0 58.0 0.09375 0.16111111111111112
3 589.5 11.5 0.00703125 0.03194444444444444
