9 123.5 38.0 0.08840579710144927 0.1688888888888889
3 105.0 11.5 0.020289855072463767 0.051111111111111114
10 249.5 11.0 0.06231884057971015 0.04888888888888889
13 92.5 18.5 0.04782608695652174 0.08222222222222222
13 113.5 19.5 0.08260869565217391 0.08666666666666667
13 51.0 12.0 0.08405797101449275 0.05333333333333334
13 164.5 19.0 0.06811594202898551 0.08444444444444445
13 490.0 8.5 0.02608695652173913 0.03777777777777778
13 497.5 13.0 0.03333333333333333 0.057777777777777775
13 454.5 17.0 0.059420289855072465 0.07555555555555556
13 593.5 16.5 0.07391304347826087 0.07333333333333333
13 625.5 7.5 0.06521739130434782 0.03333333333333333
17 176.0 24.5 0.057971014492753624 0.10888888888888888
17 190.0 29.5 0.057971014492753624 0.13111111111111112
17 254.0 20.5 0.05507246376811594 0.09111111111111111
17 292.5 12.0 0.05652173913043478 0.05333333333333334
17 497.5 9.0 0.05652173913043478 0.04
5 658.0 20.5 0.08695652173913043 0.09111111111111111
5 391.5 23.5 0.06231884057971015 0.10444444444444445
5 428.5 22.5 0.07391304347826087 0.1
5 350.0 30.5 0.0782608695652174 0.13555555555555557
11 383.5 24.5 0.08550724637681159 0.10888888888888888
5 532.5 37.0 0.07971014492753623 0.16444444444444445
5 294.0 31.0 0.08985507246376812 0.13777777777777778
5 229.5 23.5 0.08260869565217391 0.10444444444444445
5 123.5 17.0 0.07391304347826087 0.07555555555555556
5 29.0 12.0 0.08115942028985507 0.05333333333333334
13 42.0 11.5 0.028985507246376812 0.051111111111111114
5 158.5 15.0 0.13478260869565217 0.06666666666666667
5 146.5 17.0 0.1 0.07555555555555556
5 293.0 23.0 0.13333333333333333 0.10222222222222223
5 537.0 19.5 0.09565217391304348 0.08666666666666667
5 52.5 17.0 0.1 0.07555555555555556
20 597.5 7.5 0.04492753623188406 0.03333333333333333
20 417.5 12.0 0.05652173913043478 0.05333333333333334
