17 32.5 27.0 0.08689655172413793 0.135
17 324.5 44.0 0.07310344827586207 0.22
17 638.0 43.5 0.09655172413793103 0.2175
17 336.0 23.0 0.060689655172413794 0.115
17 549.5 16.5 0.05103448275862069 0.0825
17 406.5 6.5 0.034482758620689655 0.0325
10 651.5 15.5 0.04275862068965517 0.0775
10 610.5 15.0 0.034482758620689655 0.075
10 459.0 11.5 0.022068965517241378 0.0575
10 425.5 8.0 0.023448275862068966 0.04
10 521.0 9.0 0.022068965517241378 0.045
10 301.0 6.0 0.013793103448275862 0.03
3 490.0 10.5 0.019310344827586208 0.0525
4 366.5 6.5 0.020689655172413793 0.0325
4 383.0 7.5 0.022068965517241378 0.0375
4 401.5 11.0 0.02620689655172414 0.055
4 434.0 10.0 0.022068965517241378 0.05
17 446.5 6.0 0.009655172413793104 0.03
4 463.0 12.0 0.03586206896551724 0.06
4 265.0 7.0 0.030344827586206897 0.035
4 234.5 6.5 0.04 0.0325
4 245.5 9.5 0.06758620689655172 0.0475
4 206.0 32.0 0.11310344827586206 0.16
4 547.0 75.5 0.22620689655172413 0.3775
4 417.0 76.0 0.12413793103448276 0.38
5 251.5 50.0 0.1310344827586207 0.25
15 489.0 11.5 0.03310344827586207 0.0575
15 155.0 15.0 0.0496551724137931 0.075
5 319.5 7.5 0.023448275862068966 0.0375
9 296.0 10.0 0.038620689655172416 0.05
15 381.5 10.0 0.031724137931034485 0.05
5 211.0 7.5 0.02482758620689655 0.0375
10 587.5 11.5 0.031724137931034485 0.0575
5 321.5 11.5 0.06206896551724138 0.0575
5 340.0 12.5 0.044137931034482755 0.0625
5 370.0 17.5 0.03310344827586207 0.0875
5 350.0 10.0 0.03310344827586207 0.05
5 353.0 5.0 0.027586206896551724 0.025
5 363.0 5.0 0.016551724137931035 0.025
5 373.5 4.0 0.015172413793103448 0.02
5 374.0 5.0 0.019310344827586208 0.025
