4 790.5 106.5 0.2548828125 0.3118594436310395
4 1000.5 23.5 0.0458984375 0.06881405563689605
5 633.5 30.0 0.0537109375 0.08784773060029283
5 967.5 9.0 0.0126953125 0.02635431918008785
5 951.0 11.0 0.01953125 0.032210834553440704
17 931.5 14.5 0.0205078125 0.0424597364568082
5 260.5 58.0 0.2451171875 0.1698389458272328
10 438.0 54.0 0.09765625 0.1581259150805271
9 475.5 41.5 0.1396484375 0.12152269399707175
5 125.0 8.5 0.09765625 0.024890190336749635
15 231.5 13.0 0.1064453125 0.03806734992679356
