17 730.0 57.5 0.06177606177606178 0.15796703296703296
17 261.0 36.5 0.050965250965250966 0.10027472527472528
17 215.5 24.0 0.03166023166023166 0.06593406593406594
17 309.5 16.5 0.02084942084942085 0.04532967032967033
17 339.5 10.5 0.02084942084942085 0.028846153846153848
17 367.5 13.5 0.01776061776061776 0.03708791208791209
17 426.5 14.0 0.02084942084942085 0.038461538461538464
17 448.0 9.0 0.013899613899613899 0.024725274725274724
17 943.5 35.0 0.05019305019305019 0.09615384615384616
3 798.5 29.5 0.023938223938223938 0.08104395604395605
10 725.0 24.5 0.026254826254826256 0.0673076923076923
3 710.0 13.0 0.01698841698841699 0.03571428571428571
13 682.0 16.5 0.01698841698841699 0.04532967032967033
0 643.5 16.5 0.023938223938223938 0.04532967032967033
13 500.5 8.5 0.016216216216216217 0.023351648351648352
13 335.0 19.5 0.021621621621621623 0.05357142857142857
5 402.0 10.5 0.020077220077220077 0.028846153846153848
5 711.5 12.5 0.040926640926640924 0.034340659340659344
