4 946.5 51.0 0.12447916666666667 0.09444444444444444
4 1245.0 56.0 0.16979166666666667 0.1037037037037037
4 1665.5 132.5 0.26510416666666664 0.24537037037037038
19 1815.0 242.0 0.109375 0.44814814814814813
17 1744.0 182.5 0.17291666666666666 0.33796296296296297
17 1844.0 38.0 0.07916666666666666 0.07037037037037037
17 1720.5 132.5 0.16822916666666668 0.24537037037037038
17 1118.0 341.0 0.5864583333333333 0.6314814814814815
17 271.0 363.5 0.28125 0.6731481481481482
17 303.0 196.5 0.3072916666666667 0.3638888888888889
17 78.5 33.0 0.0796875 0.06111111111111111
17 1039.0 116.5 0.2916666666666667 0.21574074074074073
17 1287.0 95.0 0.17708333333333334 0.17592592592592593
17 1336.0 112.0 0.18125 0.2074074074074074
19 1439.0 88.5 0.125 0.1638888888888889
17 970.5 50.0 0.18802083333333333 0.09259259259259259
5 757.5 82.5 0.14010416666666667 0.1527777777777778
17 328.0 34.0 0.15416666666666667 0.06296296296296296
4 856.5 36.0 0.0734375 0.06666666666666667
17 1017.5 24.5 0.043229166666666666 0.04537037037037037
