4 1791.0 314.5 0.13229166666666667 0.5824074074074074
5 1199.5 171.5 0.33697916666666666 0.3175925925925926
17 72.5 162.0 0.0734375 0.3
17 142.5 116.5 0.1328125 0.21574074074074073
17 385.0 152.0 0.1625 0.2814814814814815
17 600.0 153.5 0.21041666666666667 0.28425925925925927
17 767.0 106.0 0.103125 0.1962962962962963
17 1000.0 101.0 0.14895833333333333 0.18703703703703703
17 1165.5 75.5 0.14427083333333332 0.1398148148148148
17 475.5 45.0 0.07864583333333333 0.08333333333333333
19 750.0 66.0 0.14791666666666667 0.12222222222222222
19 1056.0 52.0 0.09895833333333333 0.0962962962962963
4 1453.5 63.0 0.18072916666666666 0.11666666666666667
17 1705.5 61.0 0.06510416666666667 0.11296296296296296
17 1574.5 114.5 0.08385416666666666 0.21203703703703702
17 1621.0 53.0 0.059375 0.09814814814814815
17 1384.5 48.0 0.07760416666666667 0.08888888888888889
17 1434.0 60.0 0.075 0.1111111111111111
17 1422.5 25.5 0.0765625 0.04722222222222222
17 1233.0 37.0 0.09583333333333334 0.06851851851851852
17 212.5 35.5 0.1234375 0.06574074074074074
17 909.5 60.0 0.0796875 0.1111111111111111
19 1009.5 20.5 0.04739583333333333 0.03796296296296296
19 1163.5 20.5 0.0578125 0.03796296296296296
17 1250.5 21.5 0.03697916666666667 0.03981481481481482
