4 1825.5 129.5 0.0984375 0.23981481481481481
4 383.0 103.5 0.23541666666666666 0.19166666666666668
4 711.5 50.0 0.10052083333333334 0.09259259259259259
4 1045.5 48.0 0.1234375 0.08888888888888889
4 1264.5 49.0 0.07760416666666667 0.09074074074074075
4 1344.0 25.5 0.06041666666666667 0.04722222222222222
4 89.0 67.5 0.07083333333333333 0.125
4 539.0 185.0 0.5604166666666667 0.3425925925925926
5 153.0 116.5 0.15729166666666666 0.21574074074074073
19 271.5 129.5 0.2786458333333333 0.23981481481481481
5 912.5 147.0 0.2526041666666667 0.2722222222222222
17 1428.0 157.5 0.11354166666666667 0.2916666666666667
10 1657.5 59.0 0.04010416666666667 0.10925925925925926
10 1707.5 33.5 0.030729166666666665 0.062037037037037036
17 1493.0 84.0 0.06666666666666667 0.15555555555555556
17 1562.0 58.5 0.051041666666666666 0.10833333333333334
17 1475.0 54.0 0.04375 0.1
17 1647.5 51.0 0.033854166666666664 0.09444444444444444
17 877.0 79.5 0.103125 0.14722222222222223
17 922.5 73.5 0.08697916666666666 0.1361111111111111
17 661.5 124.5 0.15260416666666668 0.23055555555555557
15 52.0 78.5 0.04791666666666667 0.14537037037037037
5 389.0 57.0 0.20729166666666668 0.10555555555555556
5 635.0 72.5 0.16979166666666667 0.13425925925925927
5 1206.0 99.0 0.10416666666666667 0.18333333333333332
5 1113.5 62.5 0.09635416666666667 0.11574074074074074
5 1048.5 45.0 0.09010416666666667 0.08333333333333333
5 1274.5 41.5 0.07135416666666666 0.07685185185185185
5 1217.0 35.5 0.06770833333333333 0.06574074074074074
5 1428.0 40.0 0.05625 0.07407407407407407
5 1356.0 48.0 0.05 0.08888888888888889
5 1425.5 22.5 0.03697916666666667 0.041666666666666664
5 54.0 32.0 0.05416666666666667 0.05925925925925926
5 140.0 46.0 0.11979166666666667 0.08518518518518518
5 382.0 45.0 0.16145833333333334 0.08333333333333333
5 358.5 26.5 0.08385416666666666 0.049074074074074076
5 487.0 39.0 0.06041666666666667 0.07222222222222222
15 649.0 42.0 0.11458333333333333 0.07777777777777778
9 626.5 26.5 0.0765625 0.049074074074074076
17 1300.0 63.5 0.051041666666666666 0.1175925925925926
17 1551.5 32.0 0.0421875 0.05925925925925926
5 1663.0 43.0 0.05416666666666667 0.07962962962962963
5 1540.0 33.5 0.041666666666666664 0.062037037037037036
17 1504.5 25.5 0.0234375 0.04722222222222222
5 1705.5 35.5 0.028645833333333332 0.06574074074074074
5 1659.5 32.0 0.019270833333333334 0.05925925925925926
9 1538.0 24.5 0.03333333333333333 0.04537037037037037
4 1440.0 12.5 0.03125 0.023148148148148147
4 22.0 146.0 0.021875 0.27037037037037037
19 830.0 80.0 0.14583333333333334 0.14814814814814814
5 1283.0 37.0 0.07083333333333333 0.06851851851851852
5 907.5 16.0 0.043229166666666666 0.02962962962962963
5 991.0 24.5 0.05416666666666667 0.04537037037037037
19 1164.0 27.5 0.04895833333333333 0.05092592592592592
5 1586.0 27.5 0.026041666666666668 0.05092592592592592
5 1726.5 19.5 0.019270833333333334 0.03611111111111111
