5 421.5 291.0 0.43802083333333336 0.5388888888888889
5 912.5 93.5 0.1640625 0.17314814814814813
5 1125.0 70.0 0.08958333333333333 0.12962962962962962
17 141.0 63.5 0.06354166666666666 0.1175925925925926
17 694.0 31.0 0.036458333333333336 0.05740740740740741
4 1404.0 145.0 0.20833333333333334 0.26851851851851855
4 1780.5 92.0 0.1265625 0.17037037037037037
4 1885.5 76.0 0.0359375 0.14074074074074075
17 1622.5 39.0 0.0296875 0.07222222222222222
10 316.5 56.0 0.04635416666666667 0.1037037037037037
10 448.5 47.0 0.03697916666666667 0.08703703703703704
11 895.0 57.0 0.10729166666666666 0.10555555555555556
12 774.5 53.0 0.030729166666666665 0.09814814814814815
10 583.0 25.5 0.03125 0.04722222222222222
