17 865.5 312.5 0.7630208333333334 0.5787037037037037
17 191.0 350.0 0.19479166666666667 0.6481481481481481
17 477.0 183.5 0.27291666666666664 0.3398148148148148
17 644.5 129.5 0.1796875 0.23981481481481481
17 93.0 38.5 0.09479166666666666 0.0712962962962963
17 308.5 48.0 0.1953125 0.08888888888888889
17 571.5 34.0 0.12552083333333333 0.06296296296296296
17 815.5 73.5 0.0796875 0.1361111111111111
17 1078.5 152.0 0.13489583333333333 0.2814814814814815
17 1754.5 297.5 0.17135416666666667 0.5509259259259259
17 1314.5 156.5 0.2484375 0.2898148148148148
17 1475.0 158.0 0.15 0.29259259259259257
17 1308.5 59.0 0.0953125 0.10925925925925926
17 1608.5 43.0 0.09739583333333333 0.07962962962962963
17 1792.0 38.5 0.13333333333333333 0.0712962962962963
17 1884.5 36.0 0.03697916666666667 0.06666666666666667
17 1769.5 46.0 0.06614583333333333 0.08518518518518518
4 1694.5 25.5 0.0234375 0.04722222222222222
19 1541.0 40.5 0.09375 0.075
19 1048.5 93.0 0.16927083333333334 0.17222222222222222
17 49.0 42.0 0.04895833333333333 0.07777777777777778
13 200.0 56.0 0.040625 0.1037037037037037
13 572.0 29.0 0.06145833333333333 0.053703703703703705
11 405.5 48.5 0.09427083333333333 0.08981481481481482
17 1434.0 29.5 0.05625 0.05462962962962963
5 1848.5 28.5 0.024479166666666666 0.05277777777777778
19 1366.5 24.5 0.08802083333333334 0.04537037037037037
