4 1391.0 50.0 0.15416666666666667 0.09259259259259259
19 1770.0 56.5 0.1125 0.10462962962962963
17 1607.5 47.0 0.06927083333333334 0.08703703703703704
17 1653.5 81.5 0.08072916666666667 0.15092592592592594
17 102.5 160.0 0.10572916666666667 0.2962962962962963
17 168.5 95.0 0.14739583333333334 0.17592592592592593
17 354.5 160.0 0.15364583333333334 0.2962962962962963
17 587.5 133.5 0.18177083333333333 0.24722222222222223
17 817.5 84.0 0.08385416666666666 0.15555555555555556
17 678.0 45.5 0.10416666666666667 0.08425925925925926
17 727.0 23.5 0.065625 0.04351851851851852
17 898.0 82.5 0.11458333333333333 0.1527777777777778
17 1056.5 89.0 0.12864583333333332 0.1648148148148148
17 1143.0 117.0 0.16770833333333332 0.21666666666666667
17 1410.5 139.5 0.0953125 0.25833333333333336
17 1437.0 93.0 0.09166666666666666 0.17222222222222222
17 1486.0 56.0 0.057291666666666664 0.1037037037037037
17 1436.0 28.5 0.075 0.05277777777777778
17 1269.0 63.0 0.096875 0.11666666666666667
17 1217.5 35.0 0.06927083333333334 0.06481481481481481
19 937.0 42.0 0.13854166666666667 0.07777777777777778
19 1144.5 50.0 0.0734375 0.09259259259259259
5 494.0 35.5 0.10208333333333333 0.06574074074074074
5 230.0 31.5 0.128125 0.058333333333333334
5 786.0 224.5 0.47604166666666664 0.41574074074074074
5 1735.5 100.0 0.1921875 0.18518518518518517
4 1809.0 332.0 0.115625 0.6148148148148148
19 1049.0 14.5 0.051041666666666666 0.026851851851851852
