4 1737.5 141.0 0.19010416666666666 0.2611111111111111
4 1791.5 70.5 0.12864583333333332 0.13055555555555556
4 253.5 321.5 0.2598958333333333 0.5953703703703703
4 718.0 88.5 0.096875 0.1638888888888889
4 1135.0 98.0 0.07604166666666666 0.1814814814814815
4 1676.5 41.0 0.0859375 0.07592592592592592
4 1379.0 46.0 0.058333333333333334 0.08518518518518518
5 1456.0 47.0 0.05625 0.08703703703703704
19 1501.0 58.0 0.05416666666666667 0.10740740740740741
19 1618.5 23.5 0.044270833333333336 0.04351851851851852
11 1384.0 43.0 0.053125 0.07962962962962963
17 1305.5 26.5 0.018229166666666668 0.049074074074074076
17 1291.0 25.5 0.017708333333333333 0.04722222222222222
10 568.5 25.5 0.028645833333333332 0.04722222222222222
20 601.0 54.0 0.04375 0.1
5 1555.5 169.5 0.1703125 0.3138888888888889
5 1222.5 137.0 0.1484375 0.2537037037037037
17 597.5 112.5 0.12447916666666667 0.20833333333333334
17 570.0 127.5 0.1 0.2361111111111111
17 722.5 101.0 0.0703125 0.18703703703703703
5 858.5 153.0 0.10989583333333333 0.2833333333333333
5 1416.5 93.0 0.09114583333333333 0.17222222222222222
17 1249.0 75.5 0.06145833333333333 0.1398148148148148
19 1103.0 146.0 0.10104166666666667 0.27037037037037037
5 892.5 82.5 0.0796875 0.1527777777777778
5 643.0 73.5 0.09375 0.1361111111111111
5 728.0 72.5 0.058333333333333334 0.13425925925925927
17 809.5 62.0 0.043229166666666666 0.11481481481481481
5 920.5 59.0 0.0640625 0.10925925925925926
5 1086.0 71.5 0.06770833333333333 0.13240740740740742
5 1217.5 51.0 0.06302083333333333 0.09444444444444444
5 1324.5 64.5 0.06614583333333333 0.11944444444444445
5 1181.0 38.5 0.058333333333333334 0.0712962962962963
5 1278.0 41.0 0.05520833333333333 0.07592592592592592
5 1249.0 41.0 0.040625 0.07592592592592592
5 1224.5 35.5 0.027604166666666666 0.06574074074074074
11 1052.0 57.5 0.052083333333333336 0.10648148148148148
5 939.0 44.5 0.046875 0.0824074074074074
5 868.0 45.0 0.04895833333333333 0.08333333333333333
15 928.0 37.0 0.0375 0.06851851851851852
5 898.5 36.5 0.033854166666666664 0.06759259259259259
5 970.5 29.5 0.04114583333333333 0.05462962962962963
5 1024.5 31.5 0.0359375 0.058333333333333334
5 1024.5 28.5 0.0296875 0.05277777777777778
5 964.5 28.0 0.022395833333333334 0.05185185185185185
5 979.5 18.5 0.025520833333333333 0.03425925925925926
5 1029.5 19.5 0.024479166666666666 0.03611111111111111
19 1106.0 22.5 0.046875 0.041666666666666664
5 1189.5 17.5 0.024479166666666666 0.032407407407407406
5 893.0 18.5 0.035416666666666666 0.03425925925925926
15 976.5 14.5 0.0265625 0.026851851851851852
5 900.5 20.5 0.10885416666666667 0.03796296296296296
