4 1564.0 297.0 0.26145833333333335 0.55
4 1284.5 106.0 0.13072916666666667 0.1962962962962963
4 1170.5 79.5 0.08802083333333334 0.14722222222222223
4 1133.5 62.5 0.07760416666666667 0.11574074074074074
4 1020.0 86.0 0.05625 0.15925925925925927
0 524.0 236.5 0.16458333333333333 0.43796296296296294
5 812.5 132.0 0.0859375 0.24444444444444444
5 650.5 85.5 0.0859375 0.15833333333333333
5 835.0 69.0 0.06770833333333333 0.12777777777777777
5 700.5 63.5 0.0640625 0.1175925925925926
5 746.0 45.5 0.04583333333333333 0.08425925925925926
5 875.0 49.0 0.041666666666666664 0.09074074074074075
17 955.5 51.0 0.03177083333333333 0.09444444444444444
17 968.5 69.5 0.034895833333333334 0.1287037037037037
17 970.0 45.5 0.042708333333333334 0.08425925925925926
10 725.5 14.5 0.0203125 0.026851851851851852
5 779.0 45.0 0.03333333333333333 0.08333333333333333
5 867.5 40.5 0.03177083333333333 0.075
5 879.5 33.0 0.03177083333333333 0.06111111111111111
5 804.5 31.5 0.033854166666666664 0.058333333333333334
5 954.5 35.5 0.030729166666666665 0.06574074074074074
11 950.5 41.0 0.0265625 0.07592592592592592
11 810.5 19.5 0.027604166666666666 0.03611111111111111
19 834.0 27.0 0.021875 0.05
5 874.5 17.0 0.022395833333333334 0.03148148148148148
4 883.5 35.0 0.027604166666666666 0.06481481481481481
4 969.5 30.0 0.03177083333333333 0.05555555555555555
4 1044.0 44.0 0.041666666666666664 0.08148148148148149
5 51.0 83.5 0.051041666666666666 0.15462962962962962
15 167.5 103.0 0.1640625 0.19074074074074074
5 340.0 68.5 0.11145833333333334 0.12685185185185185
5 142.5 70.5 0.12447916666666667 0.13055555555555556
5 115.5 48.0 0.11614583333333334 0.08888888888888889
5 462.5 56.5 0.07760416666666667 0.10462962962962963
5 334.0 47.0 0.08229166666666667 0.08703703703703704
5 287.5 49.0 0.0796875 0.09074074074074075
15 101.0 47.0 0.10104166666666667 0.08703703703703704
5 149.5 30.5 0.07864583333333333 0.05648148148148148
5 31.5 16.0 0.030729166666666665 0.02962962962962963
10 78.5 15.0 0.0203125 0.027777777777777776
17 273.0 32.0 0.04583333333333333 0.05925925925925926
17 360.5 44.0 0.028645833333333332 0.08148148148148149
5 192.0 26.5 0.05520833333333333 0.049074074074074076
17 231.5 25.5 0.030729166666666665 0.04722222222222222
17 287.0 26.5 0.023958333333333335 0.049074074074074076
17 310.5 26.5 0.0234375 0.049074074074074076
5 364.5 24.5 0.0453125 0.04537037037037037
17 452.5 29.5 0.034895833333333334 0.05462962962962963
5 549.0 40.0 0.059375 0.07407407407407407
19 592.0 43.0 0.051041666666666666 0.07962962962962963
5 528.0 40.0 0.0375 0.07407407407407407
5 670.5 22.5 0.034895833333333334 0.041666666666666664
15 588.0 23.5 0.03854166666666667 0.04351851851851852
17 514.5 16.5 0.0296875 0.030555555555555555
5 503.5 11.5 0.0265625 0.021296296296296296
5 701.5 22.5 0.0203125 0.041666666666666664
5 660.5 18.5 0.011979166666666667 0.03425925925925926
5 734.0 17.0 0.023958333333333335 0.03148148148148148
4 514.0 20.5 0.05 0.03796296296296296
5 596.0 11.5 0.014583333333333334 0.021296296296296296
5 836.0 18.5 0.015625 0.03425925925925926
