19 222.0 153.0 0.21354166666666666 0.2833333333333333
17 986.0 308.0 0.33541666666666664 0.5703703703703704
17 609.5 167.5 0.16927083333333334 0.3101851851851852
17 694.0 58.5 0.1125 0.10833333333333334
17 880.0 57.0 0.10208333333333333 0.10555555555555556
5 1087.0 145.0 0.22604166666666667 0.26851851851851855
4 1113.5 124.5 0.2578125 0.23055555555555557
4 1600.0 539.5 0.32708333333333334 0.9990740740740741
4 361.5 182.5 0.2359375 0.33796296296296297
4 110.5 61.0 0.04635416666666667 0.11296296296296296
4 42.0 42.5 0.0375 0.0787037037037037
11 763.5 57.5 0.1359375 0.10648148148148148
11 1245.0 164.5 0.140625 0.30462962962962964
