9 257.0 300.0 0.259375 0.5555555555555556
9 1098.0 247.0 0.265625 0.45740740740740743
5 799.5 97.0 0.0859375 0.17962962962962964
5 644.0 71.0 0.08645833333333333 0.13148148148148148
10 446.0 57.0 0.05416666666666667 0.10555555555555556
10 568.5 49.0 0.0265625 0.09074074074074075
10 1716.5 54.0 0.0703125 0.1
18 1715.0 90.0 0.20416666666666666 0.16666666666666666
5 1464.0 115.5 0.153125 0.21388888888888888
4 1402.5 32.5 0.06822916666666666 0.06018518518518518
4 843.5 62.5 0.0765625 0.11574074074074074
