17 221.5 142.0 0.22864583333333333 0.26296296296296295
4 42.5 42.0 0.043229166666666666 0.07777777777777778
4 191.5 70.5 0.1265625 0.13055555555555556
4 395.0 32.5 0.04375 0.06018518518518518
5 425.5 33.0 0.0203125 0.06111111111111111
4 998.5 111.5 0.4296875 0.2064814814814815
17 690.5 146.0 0.2296875 0.27037037037037037
17 729.0 154.0 0.2635416666666667 0.2851851851851852
17 1052.0 109.0 0.15625 0.20185185185185187
17 1259.5 110.5 0.12135416666666667 0.20462962962962963
17 1556.5 196.0 0.3026041666666667 0.362962962962963
17 1383.0 143.5 0.209375 0.2657407407407407
17 1563.0 50.0 0.15416666666666667 0.09259259259259259
17 1853.0 122.5 0.06979166666666667 0.22685185185185186
10 643.0 224.5 0.43333333333333335 0.41574074074074074
20 729.0 205.5 0.5020833333333333 0.38055555555555554
19 149.0 50.0 0.15104166666666666 0.09259259259259259
