5 176.0 245.0 0.18125 0.4537037037037037
19 924.5 283.0 0.5609375 0.524074074074074
4 874.0 91.0 0.19791666666666666 0.1685185185185185
17 513.5 83.5 0.1078125 0.15462962962962962
9 805.5 49.0 0.12239583333333333 0.09074074074074075
17 123.5 65.5 0.12447916666666667 0.12129629629629629
17 207.5 26.5 0.11822916666666666 0.049074074074074076
5 348.0 35.5 0.09895833333333333 0.06574074074074074
5 1463.5 89.0 0.07864583333333333 0.1648148148148148
5 1799.0 192.0 0.12604166666666666 0.35555555555555557
5 1677.5 74.5 0.0828125 0.13796296296296295
5 1347.0 35.5 0.053125 0.06574074074074074
5 1579.0 53.0 0.052083333333333336 0.09814814814814815
11 1707.0 36.0 0.05416666666666667 0.06666666666666667
17 1677.0 28.5 0.03958333333333333 0.05277777777777778
