10 1308.0 129.5 0.10625 0.23981481481481481
10 495.5 41.0 0.09114583333333333 0.07592592592592592
5 576.5 287.0 0.5984375 0.5314814814814814
5 1286.0 137.0 0.23854166666666668 0.2537037037037037
5 557.5 121.0 0.39739583333333334 0.22407407407407406
5 331.0 102.0 0.259375 0.18888888888888888
19 1091.0 107.0 0.22395833333333334 0.19814814814814816
17 1507.5 92.0 0.09427083333333333 0.17037037037037037
17 1607.5 84.5 0.0921875 0.15648148148148147
17 1672.0 62.0 0.06145833333333333 0.11481481481481481
17 1737.0 54.5 0.036458333333333336 0.10092592592592593
17 1349.5 52.0 0.06822916666666666 0.0962962962962963
5 1431.0 30.5 0.051041666666666666 0.05648148148148148
5 1547.0 31.0 0.042708333333333334 0.05740740740740741
4 1647.0 33.5 0.09583333333333334 0.062037037037037036
4 363.5 62.5 0.22552083333333334 0.11574074074074074
17 119.5 68.5 0.11614583333333334 0.12685185185185185
17 338.0 68.0 0.109375 0.1259259259259259
17 547.0 56.0 0.09375 0.1037037037037037
17 693.5 58.0 0.0796875 0.10740740740740741
17 782.0 49.0 0.046875 0.09074074074074075
17 886.0 56.0 0.065625 0.1037037037037037
