17 174.5 36.0 0.14114583333333333 0.06666666666666667
17 246.5 52.0 0.2557291666666667 0.0962962962962963
17 630.0 51.0 0.115625 0.09444444444444444
17 1592.5 256.5 0.3380208333333333 0.475
17 1359.0 205.0 0.20625 0.37962962962962965
17 456.0 349.0 0.4708333333333333 0.6462962962962963
17 965.5 108.0 0.15052083333333333 0.2
17 1202.0 106.5 0.11041666666666666 0.19722222222222222
17 861.5 50.0 0.0703125 0.09259259259259259
5 1766.5 112.5 0.15989583333333332 0.20833333333333334
17 1457.0 35.5 0.10416666666666667 0.06574074074074074
17 1710.5 47.0 0.11302083333333333 0.08703703703703704
17 1836.0 48.0 0.08645833333333333 0.08888888888888889
4 1408.5 45.0 0.10677083333333333 0.08333333333333333
4 1821.5 53.0 0.10260416666666666 0.09814814814814815
17 1578.5 49.0 0.030729166666666665 0.09074074074074075
5 502.5 40.5 0.0421875 0.075
5 749.0 124.5 0.25104166666666666 0.23055555555555557
