4 185.5 129.0 0.1921875 0.2388888888888889
4 385.0 70.5 0.04583333333333333 0.13055555555555556
4 728.5 96.0 0.1765625 0.17777777777777778
4 966.5 42.0 0.0671875 0.07777777777777778
4 1227.0 43.0 0.1 0.07962962962962963
4 1442.0 43.0 0.06875 0.07962962962962963
4 1855.0 124.5 0.06770833333333333 0.23055555555555557
17 907.0 176.5 0.26666666666666666 0.32685185185185184
17 1350.5 161.0 0.12447916666666667 0.29814814814814816
10 1660.0 73.5 0.052083333333333336 0.1361111111111111
5 70.0 130.5 0.071875 0.24166666666666667
5 725.0 183.5 0.30833333333333335 0.3398148148148148
5 405.5 155.0 0.2755208333333333 0.28703703703703703
5 494.0 91.0 0.225 0.1685185185185185
5 467.5 80.5 0.19947916666666668 0.14907407407407408
5 842.5 89.0 0.18802083333333333 0.1648148148148148
5 1466.5 116.5 0.1453125 0.21574074074074073
15 1181.0 122.5 0.16458333333333333 0.22685185185185186
5 92.0 33.0 0.08958333333333333 0.06111111111111111
15 273.0 47.5 0.10729166666666666 0.08796296296296297
5 457.5 52.0 0.14635416666666667 0.0962962962962963
15 705.5 48.0 0.1203125 0.08888888888888889
5 567.5 41.0 0.07447916666666667 0.07592592592592592
5 485.0 23.5 0.07083333333333333 0.04351851851851852
5 488.0 73.5 0.22708333333333333 0.1361111111111111
5 929.0 71.5 0.153125 0.13240740740740742
5 913.5 42.0 0.13489583333333333 0.07777777777777778
17 1114.5 59.0 0.0703125 0.10925925925925926
17 1689.0 66.0 0.05 0.12222222222222222
17 1647.0 68.0 0.04479166666666667 0.1259259259259259
17 1525.0 43.0 0.040625 0.07962962962962963
5 1540.5 60.5 0.07552083333333333 0.11203703703703703
5 1389.0 73.5 0.08229166666666667 0.1361111111111111
5 1326.0 34.0 0.09895833333333333 0.06296296296296296
5 1254.5 42.0 0.0796875 0.07777777777777778
5 1155.5 46.0 0.0765625 0.08518518518518518
5 1363.5 39.0 0.06614583333333333 0.07222222222222222
5 1278.0 21.5 0.046875 0.03981481481481482
10 1470.5 30.0 0.018229166666666668 0.05555555555555555
19 1614.0 48.0 0.05416666666666667 0.08888888888888889
5 1768.5 43.0 0.0328125 0.07962962962962963
5 1742.0 22.5 0.041666666666666664 0.041666666666666664
5 1694.0 33.0 0.040625 0.06111111111111111
9 776.5 33.0 0.08177083333333333 0.06111111111111111
9 1408.5 44.0 0.059895833333333336 0.08148148148148149
5 1499.0 33.5 0.041666666666666664 0.062037037037037036
5 1802.5 19.5 0.0234375 0.03611111111111111
5 1760.5 16.0 0.0140625 0.02962962962962963
9 1227.0 32.5 0.04895833333333333 0.06018518518518518
5 906.5 28.5 0.0828125 0.05277777777777778
5 1051.0 21.5 0.053125 0.03981481481481482
5 968.0 13.0 0.04479166666666667 0.024074074074074074
4 1578.0 19.5 0.04479166666666667 0.03611111111111111
