4 1735.0 270.5 0.18958333333333333 0.5009259259259259
4 1079.5 236.5 0.34010416666666665 0.43796296296296294
4 410.5 150.0 0.21927083333333333 0.2777777777777778
4 151.5 81.5 0.07447916666666667 0.15092592592592594
4 93.0 48.0 0.09479166666666666 0.08888888888888889
4 454.0 17.5 0.04583333333333333 0.032407407407407406
17 1442.0 138.0 0.19895833333333332 0.25555555555555554
5 837.0 143.0 0.225 0.26481481481481484
5 408.5 94.0 0.13385416666666666 0.17407407407407408
17 487.0 84.5 0.07708333333333334 0.15648148148148147
19 198.0 84.5 0.10625 0.15648148148148147
5 67.5 50.0 0.0640625 0.09259259259259259
11 83.5 52.0 0.0765625 0.0962962962962963
17 318.5 65.5 0.0421875 0.12129629629629629
17 504.5 78.5 0.0828125 0.14537037037037037
17 680.0 59.5 0.046875 0.11018518518518519
17 1364.5 97.5 0.09010416666666667 0.18055555555555555
5 861.0 56.0 0.10208333333333333 0.1037037037037037
5 747.5 59.0 0.03177083333333333 0.10925925925925926
14 717.5 36.5 0.024479166666666666 0.06759259259259259
5 320.0 20.5 0.04791666666666667 0.03796296296296296
5 291.0 30.5 0.05416666666666667 0.05648148148148148
5 427.0 24.5 0.059375 0.04537037037037037
