5 494.0 203.0 0.5083333333333333 0.37592592592592594
5 592.0 115.5 0.30625 0.21388888888888888
5 1027.0 186.5 0.253125 0.3453703703703704
5 1825.5 157.0 0.0984375 0.29074074074074074
5 1639.0 94.0 0.125 0.17407407407407408
11 1644.0 78.5 0.09895833333333333 0.14537037037037037
17 1454.0 144.0 0.09895833333333333 0.26666666666666666
5 1230.0 83.5 0.08645833333333333 0.15462962962962962
5 1399.0 56.0 0.052083333333333336 0.1037037037037037
17 1496.5 39.5 0.0296875 0.07314814814814814
5 1372.0 42.5 0.05520833333333333 0.0787037037037037
5 1354.0 41.0 0.05 0.07592592592592592
5 429.0 47.0 0.10208333333333333 0.08703703703703704
17 603.5 26.5 0.07552083333333333 0.049074074074074076
17 777.0 36.5 0.06875 0.06759259259259259
4 852.0 75.5 0.1625 0.1398148148148148
