17 988.5 375.5 0.3578125 0.6953703703703704
17 1542.5 271.5 0.2328125 0.5027777777777778
17 271.0 258.5 0.28125 0.4787037037037037
17 412.5 164.0 0.17239583333333333 0.3037037037037037
17 185.0 45.5 0.17291666666666666 0.08425925925925926
17 65.5 32.0 0.0640625 0.05925925925925926
17 152.0 27.5 0.04583333333333333 0.05092592592592592
17 239.0 42.0 0.10208333333333333 0.07777777777777778
17 436.0 32.5 0.096875 0.06018518518518518
17 660.5 136.5 0.10260416666666666 0.25277777777777777
17 672.5 35.5 0.0859375 0.06574074074074074
17 869.5 124.5 0.1359375 0.23055555555555557
17 1087.0 83.5 0.08229166666666667 0.15462962962962962
17 1204.5 29.0 0.07447916666666667 0.053703703703703705
17 1239.0 88.0 0.16145833333333334 0.16296296296296298
17 1385.0 50.0 0.10520833333333333 0.09259259259259259
17 1520.5 41.5 0.0890625 0.07685185185185185
17 1536.0 33.5 0.06875 0.062037037037037036
17 1682.0 29.0 0.06145833333333333 0.053703703703703705
17 1729.0 124.5 0.09375 0.23055555555555557
17 1578.0 57.0 0.16979166666666667 0.10555555555555556
19 1185.0 40.5 0.10104166666666667 0.075
5 1887.5 41.5 0.033854166666666664 0.07685185185185185
4 1422.0 33.5 0.052083333333333336 0.062037037037037036
