4 451.0 101.0 0.19791666666666666 0.18703703703703703
4 144.0 117.5 0.14166666666666666 0.2175925925925926
19 155.0 118.5 0.15729166666666666 0.21944444444444444
5 429.0 114.5 0.22708333333333333 0.21203703703703702
17 1172.5 214.0 0.16927083333333334 0.3962962962962963
17 472.5 71.5 0.2515625 0.13240740740740742
5 675.0 216.0 0.3177083333333333 0.4
17 808.0 93.0 0.15729166666666666 0.17222222222222222
17 996.0 92.0 0.10416666666666667 0.17037037037037037
17 1658.0 58.0 0.05 0.10740740740740741
17 1538.0 67.5 0.06041666666666667 0.125
3 1522.0 48.0 0.041666666666666664 0.08888888888888889
4 1825.0 131.5 0.09791666666666667 0.24351851851851852
17 1737.0 32.5 0.025 0.06018518518518518
5 799.0 74.5 0.14791666666666667 0.13796296296296295
5 619.0 65.5 0.153125 0.12129629629629629
5 909.5 55.0 0.11822916666666666 0.10185185185185185
5 1095.0 55.0 0.09479166666666666 0.10185185185185185
5 1210.5 65.5 0.08697916666666666 0.12129629629629629
5 1348.0 81.5 0.11354166666666667 0.15092592592592594
5 1342.0 45.0 0.06875 0.08333333333333333
17 1305.0 45.0 0.05 0.08333333333333333
15 1273.5 46.5 0.06822916666666666 0.08611111111111111
15 1488.0 59.0 0.08125 0.10925925925925926
15 666.5 56.0 0.11614583333333334 0.1037037037037037
15 200.5 43.5 0.1171875 0.08055555555555556
5 410.5 57.0 0.1546875 0.10555555555555556
5 515.5 31.0 0.0734375 0.05740740740740741
5 413.5 34.5 0.08177083333333333 0.06388888888888888
19 651.5 32.0 0.0765625 0.05925925925925926
4 723.0 45.0 0.09583333333333334 0.08333333333333333
5 770.0 27.5 0.053125 0.05092592592592592
5 849.5 32.5 0.0765625 0.06018518518518518
5 911.5 23.5 0.043229166666666666 0.04351851851851852
5 1010.5 28.5 0.05572916666666667 0.05277777777777778
5 1126.5 35.0 0.08489583333333334 0.06481481481481481
5 1424.0 33.5 0.058333333333333334 0.062037037037037036
5 1388.0 25.5 0.042708333333333334 0.04722222222222222
5 1595.0 42.0 0.04375 0.07777777777777778
5 1689.0 38.5 0.041666666666666664 0.0712962962962963
5 1557.5 27.5 0.0421875 0.05092592592592592
5 1672.5 28.5 0.0390625 0.05277777777777778
9 1463.5 22.5 0.0421875 0.041666666666666664
4 1085.0 41.0 0.11770833333333333 0.07592592592592592
4 1327.5 41.0 0.08385416666666666 0.07592592592592592
19 1181.0 35.5 0.06041666666666667 0.06574074074074074
5 1608.5 17.5 0.027604166666666666 0.032407407407407406
19 1703.5 21.5 0.03697916666666667 0.03981481481481482
19 1548.5 19.5 0.030729166666666665 0.03611111111111111
4 1471.5 24.5 0.033854166666666664 0.04537037037037037
17 37.5 74.5 0.03802083333333333 0.13796296296296295
5 90.0 79.5 0.0875 0.14722222222222223
5 1650.5 22.5 0.024479166666666666 0.041666666666666664
