19 550.0 434.0 0.56875 0.8037037037037037
19 872.5 187.5 0.27760416666666665 0.3472222222222222
5 1520.5 185.5 0.25052083333333336 0.3435185185185185
5 1298.5 95.0 0.12552083333333333 0.17592592592592593
5 1497.5 54.5 0.09010416666666667 0.10092592592592593
5 1641.0 74.5 0.11666666666666667 0.13796296296296295
17 1847.5 67.5 0.0703125 0.125
5 1333.0 51.0 0.071875 0.09444444444444444
17 1178.0 85.5 0.09375 0.15833333333333333
4 1349.5 74.5 0.17239583333333333 0.13796296296296295
17 144.0 34.0 0.14375 0.06296296296296296
17 494.5 25.5 0.12760416666666666 0.04722222222222222
17 722.5 26.5 0.12135416666666667 0.049074074074074076
