17 1123.5 377.5 0.3515625 0.6990740740740741
17 160.0 271.5 0.165625 0.5027777777777778
17 65.5 125.5 0.0640625 0.2324074074074074
17 58.5 122.5 0.058854166666666666 0.22685185185185186
4 227.0 142.5 0.23541666666666666 0.2638888888888889
17 256.5 127.5 0.14114583333333333 0.2361111111111111
17 403.5 228.5 0.27760416666666665 0.42314814814814816
17 762.5 157.0 0.15885416666666666 0.29074074074074074
17 652.5 22.0 0.12447916666666667 0.040740740740740744
17 852.5 87.5 0.08385416666666666 0.16203703703703703
5 976.5 44.0 0.0796875 0.08148148148148149
17 1117.5 67.5 0.0859375 0.125
17 1271.5 64.5 0.14010416666666667 0.11944444444444445
17 1575.0 163.5 0.15208333333333332 0.30277777777777776
17 1437.0 82.0 0.07916666666666666 0.15185185185185185
17 1851.5 136.0 0.06614583333333333 0.2518518518518518
17 1695.5 97.0 0.07552083333333333 0.17962962962962964
19 1183.0 29.0 0.084375 0.053703703703703705
17 885.0 27.5 0.05416666666666667 0.05092592592592592
17 1027.0 19.5 0.057291666666666664 0.03611111111111111
13 643.5 32.0 0.033854166666666664 0.05925925925925926
17 1269.0 26.5 0.058333333333333334 0.049074074074074076
17 1317.0 34.5 0.051041666666666666 0.06388888888888888
17 1522.0 23.5 0.05 0.04351851851851852
5 1801.5 35.0 0.0328125 0.06481481481481481
5 1876.5 34.5 0.0453125 0.06388888888888888
