17 1807.5 56.5 0.1140625 0.10462962962962963
11 1297.5 192.0 0.3078125 0.35555555555555557
5 1603.5 181.5 0.2796875 0.33611111111111114
4 1343.0 172.5 0.3145833333333333 0.3194444444444444
20 1747.5 57.0 0.11927083333333334 0.10555555555555556
19 1746.0 194.0 0.18125 0.3592592592592593
5 1393.5 99.0 0.18385416666666668 0.18333333333333332
17 1055.5 67.5 0.058854166666666666 0.125
15 1091.0 139.0 0.20729166666666668 0.2574074074074074
5 1114.0 94.0 0.15833333333333333 0.17407407407407408
10 1166.5 34.5 0.028645833333333332 0.06388888888888888
5 716.0 120.5 0.15625 0.22314814814814815
5 781.0 84.5 0.11979166666666667 0.15648148148148147
4 767.5 135.5 0.17239583333333333 0.25092592592592594
11 908.0 56.5 0.053125 0.10462962962962963
5 624.5 71.5 0.08697916666666666 0.13240740740740742
17 503.5 77.5 0.06510416666666667 0.14351851851851852
9 502.5 61.5 0.0703125 0.11388888888888889
5 398.0 71.5 0.059375 0.13240740740740742
10 286.0 26.5 0.026041666666666668 0.049074074074074076
17 546.5 37.0 0.0328125 0.06851851851851852
5 540.0 41.5 0.05416666666666667 0.07685185185185185
17 442.0 40.5 0.0375 0.075
17 412.5 29.5 0.025520833333333333 0.05462962962962963
5 465.5 31.5 0.0296875 0.058333333333333334
5 355.0 34.0 0.046875 0.06296296296296296
5 280.0 35.5 0.036458333333333336 0.06574074074074074
4 567.5 54.0 0.07447916666666667 0.1
4 376.0 47.0 0.04895833333333333 0.08703703703703704
5 199.5 25.5 0.03697916666666667 0.04722222222222222
9 260.5 26.5 0.028645833333333332 0.049074074074074076
5 302.5 15.0 0.019270833333333334 0.027777777777777776
5 210.5 14.0 0.019270833333333334 0.025925925925925925
5 139.0 21.5 0.01875 0.03981481481481482
17 442.5 27.0 0.0265625 0.05
5 350.0 142.0 0.18333333333333332 0.26296296296296295
10 307.0 70.5 0.052083333333333336 0.13055555555555556
5 69.0 40.0 0.06770833333333333 0.07407407407407407
5 54.0 143.5 0.05416666666666667 0.2657407407407407
5 214.5 95.0 0.09322916666666667 0.17592592592592593
5 37.5 79.0 0.03802083333333333 0.14629629629629629
5 192.0 69.0 0.0875 0.12777777777777777
5 146.5 49.0 0.06927083333333334 0.09074074074074075
5 40.5 59.5 0.04114583333333333 0.11018518518518519
5 36.5 42.0 0.03697916666666667 0.07777777777777778
19 123.0 58.0 0.06145833333333333 0.10740740740740741
5 77.0 33.0 0.041666666666666664 0.06111111111111111
15 30.5 34.0 0.030729166666666665 0.06296296296296296
5 64.5 9.5 0.0265625 0.017592592592592594
5 50.5 16.0 0.022395833333333334 0.02962962962962963
5 48.5 10.5 0.018229166666666668 0.019444444444444445
5 43.5 15.0 0.019270833333333334 0.027777777777777776
5 11.0 19.5 0.010416666666666666 0.03611111111111111
4 305.5 29.0 0.024479166666666666 0.053703703703703705
5 28.0 17.5 0.017708333333333333 0.032407407407407406
