4 406.0 51.0 0.153125 0.09444444444444444
4 1449.5 133.5 0.3932291666666667 0.24722222222222223
4 1760.0 535.0 0.16666666666666666 0.9907407407407407
4 932.0 60.5 0.18645833333333334 0.11203703703703703
4 915.5 63.5 0.18177083333333333 0.1175925925925926
5 982.5 338.0 0.6911458333333333 0.6259259259259259
19 859.5 45.0 0.2234375 0.08333333333333333
19 605.5 31.5 0.0921875 0.058333333333333334
17 210.5 172.5 0.21510416666666668 0.3194444444444444
17 538.5 230.0 0.3390625 0.42592592592592593
17 1042.0 107.5 0.175 0.19907407407407407
17 1433.0 140.5 0.134375 0.2601851851851852
17 1571.0 138.5 0.10729166666666666 0.2564814814814815
17 1206.5 106.0 0.0953125 0.1962962962962963
17 1261.5 76.5 0.1296875 0.14166666666666666
17 846.0 109.5 0.15416666666666667 0.20277777777777778
17 552.5 53.0 0.1390625 0.09814814814814815
17 460.5 33.0 0.06302083333333333 0.06111111111111111
17 1035.0 100.0 0.146875 0.18518518518518517
17 46.0 29.5 0.04583333333333333 0.05462962962962963
5 388.0 25.5 0.042708333333333334 0.04722222222222222
