3 1463.0 205.0 0.19895833333333332 0.37962962962962965
3 365.5 110.5 0.3796875 0.20462962962962963
17 161.5 182.5 0.16197916666666667 0.33796296296296297
17 619.0 166.5 0.253125 0.30833333333333335
17 1117.5 182.0 0.2713541666666667 0.337037037037037
5 1658.5 211.0 0.2671875 0.3907407407407407
5 1662.5 127.5 0.2557291666666667 0.2361111111111111
17 1861.0 56.0 0.06145833333333333 0.1037037037037037
17 1756.0 43.0 0.04791666666666667 0.07962962962962963
17 1585.0 102.5 0.15 0.18981481481481483
17 1474.0 110.5 0.09166666666666666 0.20462962962962963
4 1859.0 79.5 0.06354166666666666 0.14722222222222223
17 970.5 112.0 0.12447916666666667 0.2074074074074074
17 1126.0 29.5 0.16458333333333333 0.05462962962962963
17 1173.0 24.5 0.103125 0.04537037037037037
17 531.0 135.5 0.16770833333333332 0.25092592592592594
17 200.0 40.5 0.16354166666666667 0.075
4 248.5 94.0 0.2578125 0.17407407407407408
17 1171.5 35.5 0.09322916666666667 0.06574074074074074
13 637.0 27.5 0.022916666666666665 0.05092592592592592
13 683.5 29.5 0.025520833333333333 0.05462962962962963
13 736.0 36.5 0.026041666666666668 0.06759259259259259
13 879.5 33.5 0.03177083333333333 0.062037037037037036
13 1003.5 18.5 0.028645833333333332 0.03425925925925926
