5 644.5 289.0 0.6703125 0.5351851851851852
19 990.0 166.0 0.35104166666666664 0.3074074074074074
5 355.5 95.0 0.30572916666666666 0.17592592592592593
5 195.0 146.0 0.19895833333333332 0.27037037037037037
5 1652.5 60.0 0.0859375 0.1111111111111111
5 121.5 52.0 0.09010416666666667 0.0962962962962963
4 100.0 57.5 0.09583333333333334 0.10648148148148148
4 788.0 59.5 0.21041666666666667 0.11018518518518519
17 1512.5 143.5 0.1578125 0.2657407407407407
17 1445.0 93.0 0.12083333333333333 0.17222222222222222
17 1815.5 88.5 0.10885416666666667 0.1638888888888889
17 1446.5 21.5 0.07135416666666666 0.03981481481481482
17 1284.0 53.0 0.057291666666666664 0.09814814814814815
17 1657.0 25.5 0.053125 0.04722222222222222
17 432.0 63.0 0.121875 0.11666666666666667
17 644.0 67.0 0.103125 0.12407407407407407
17 780.0 56.0 0.053125 0.1037037037037037
17 1157.5 16.5 0.0703125 0.030555555555555555
