5 325.0 51.0 0.1425037110341415 0.08012568735271014
5 492.5 73.0 0.11627906976744186 0.11468970934799685
5 999.5 45.5 0.06382978723404255 0.07148468185388845
5 694.5 65.5 0.08955962394854032 0.10290652003142184
5 756.0 55.0 0.07422068283028203 0.08641005498821681
2 1072.5 49.0 0.03612073231073726 0.0769835035349568
2 917.0 32.5 0.028698664027709056 0.05106048703849175
2 1025.5 34.0 0.022266204849084613 0.05341712490180676
2 946.0 25.5 0.02177140029688273 0.04006284367635507
2 877.0 24.5 0.012864918357248886 0.0384917517674784
2 906.0 10.5 0.01682335477486393 0.016496465043205028
13 999.5 23.0 0.009401286491835725 0.03613511390416339
0 1130.0 28.5 0.03166749134092034 0.04477611940298507
3 1088.5 16.0 0.009401286491835725 0.02513747054202671
3 1132.5 19.5 0.009401286491835725 0.030636292223095052
3 1158.0 14.5 0.007916872835230085 0.022780832678711706
18 883.0 22.0 0.03958436417615042 0.03456402199528672
4 1072.5 26.5 0.0677882236516576 0.041633935585231735
13 1232.5 41.5 0.026224641266699655 0.06520031421838178
2 1368.5 39.0 0.022266204849084613 0.061272584446190104
3 1388.5 20.5 0.022266204849084613 0.03220738413197172
3 1416.5 19.0 0.009401286491835725 0.029850746268656716
10 1442.5 31.0 0.01929737753587333 0.04870384917517675
2 1665.5 41.5 0.0400791687283523 0.06520031421838178
19 1644.5 29.5 0.047996041563582385 0.046347211311861744
10 1938.5 37.5 0.02028698664027709 0.0589159465828751
3 1937.5 30.5 0.015338941118258289 0.047918303220738416
2 1990.5 38.0 0.030183077684314694 0.05970149253731343
11 1845.5 171.5 0.12617516081147948 0.2694422623723488
10 1986.5 56.0 0.022266204849084613 0.08798114689709348
5 1999.0 46.5 0.02177140029688273 0.07305577376276512
