10 178.5 78.0 0.05572916666666667 0.14444444444444443
13 534.0 44.0 0.03125 0.08148148148148149
13 572.0 42.0 0.022916666666666665 0.07777777777777778
13 678.0 37.0 0.025 0.06851851851851852
13 827.5 51.5 0.058854166666666666 0.09537037037037037
7 755.5 32.5 0.030729166666666665 0.06018518518518518
17 1596.0 100.0 0.121875 0.18518518518518517
13 1387.0 64.0 0.040625 0.11851851851851852
13 1183.0 68.0 0.04479166666666667 0.1259259259259259
13 1061.0 47.5 0.029166666666666667 0.08796296296296297
13 1111.0 38.0 0.027083333333333334 0.07037037037037037
17 1250.5 47.0 0.0296875 0.08703703703703704
