5 1679.0 116.0 0.24479166666666666 0.21481481481481482
13 1338.5 126.5 0.1734375 0.23425925925925925
13 1137.0 93.5 0.06145833333333333 0.17314814814814813
13 653.5 73.5 0.044270833333333336 0.1361111111111111
3 761.5 58.5 0.027604166666666666 0.10833333333333334
3 180.0 97.0 0.03333333333333333 0.17962962962962964
13 42.0 111.0 0.03958333333333333 0.20555555555555555
19 438.5 145.0 0.18072916666666666 0.26851851851851855
17 180.5 72.0 0.06614583333333333 0.13333333333333333
3 99.0 59.5 0.017708333333333333 0.11018518518518519
