13 110.0 513.5 0.10520833333333333 0.950925925925926
13 924.5 100.5 0.06614583333333333 0.18611111111111112
10 1189.5 77.0 0.024479166666666666 0.1425925925925926
5 1014.0 25.5 0.021875 0.04722222222222222
13 1070.5 26.0 0.015104166666666667 0.04814814814814815
13 1332.5 34.0 0.019270833333333334 0.06296296296296296
13 1505.0 63.0 0.04479166666666667 0.11666666666666667
2 1622.5 57.0 0.06197916666666667 0.10555555555555556
9 1408.0 37.5 0.036458333333333336 0.06944444444444445
5 1263.0 18.5 0.005208333333333333 0.03425925925925926
