5 802.0 48.5 0.08076923076923077 0.04928861788617886
5 945.0 100.5 0.06971153846153846 0.10213414634146341
5 1095.5 83.0 0.05264423076923077 0.08434959349593496
5 1293.0 64.5 0.03942307692307692 0.06554878048780488
5 1343.0 56.0 0.03317307692307692 0.056910569105691054
13 1389.5 107.0 0.034375 0.10873983739837398
13 1561.0 54.0 0.013942307692307693 0.054878048780487805
13 1657.0 40.5 0.0125 0.041158536585365856
13 1492.0 31.5 0.008173076923076924 0.03201219512195122
2 1540.5 32.0 0.014663461538461538 0.032520325203252036
2 1593.0 31.0 0.009615384615384616 0.031504065040650404
2 1679.0 26.5 0.009615384615384616 0.02693089430894309
2 1590.0 23.5 0.009134615384615385 0.023882113821138213
10 1805.0 18.5 0.006730769230769231 0.018800813008130083
13 1646.5 25.5 0.007451923076923077 0.025914634146341462
5 1959.5 25.5 0.018028846153846152 0.025914634146341462
2 2005.5 35.5 0.01706730769230769 0.036077235772357726
2 2213.5 42.0 0.020913461538461537 0.042682926829268296
13 2313.0 51.5 0.009615384615384616 0.05233739837398374
13 2485.5 56.5 0.01514423076923077 0.05741869918699187
11 2460.0 185.5 0.06490384615384616 0.18851626016260162
5 2631.0 63.5 0.035096153846153846 0.06453252032520325
2 2677.0 44.0 0.020192307692307693 0.044715447154471545
18 2541.5 43.5 0.03341346153846154 0.04420731707317073
3 2609.5 25.5 0.0069711538461538465 0.025914634146341462
13 2913.0 131.5 0.040865384615384616 0.13363821138211382
13 3190.5 115.0 0.03389423076923077 0.11686991869918699
2 2899.5 91.5 0.042548076923076925 0.09298780487804878
5 3478.5 88.0 0.1045673076923077 0.08943089430894309
5 3309.0 62.0 0.0985576923076923 0.06300813008130081
19 3204.5 89.5 0.09399038461538461 0.09095528455284553
10 2777.0 44.0 0.012980769230769231 0.044715447154471545
10 2800.0 25.0 0.007692307692307693 0.02540650406504065
4 2765.0 87.5 0.04038461538461539 0.08892276422764228
