10 496.0 68.0 0.075 0.1259259259259259
10 739.0 91.0 0.06041666666666667 0.1685185185185185
10 851.0 26.0 0.014583333333333334 0.04814814814814815
10 1020.0 23.0 0.016666666666666666 0.04259259259259259
10 1189.5 26.0 0.011979166666666667 0.04814814814814815
10 1150.5 19.0 0.0109375 0.03518518518518519
13 1105.5 27.5 0.019270833333333334 0.05092592592592592
10 1460.5 98.0 0.11822916666666666 0.1814814814814815
19 1251.0 57.0 0.04583333333333333 0.10555555555555556
10 959.0 257.5 0.984375 0.47685185185185186
