18 2010.0 329.5 0.10865384615384616 0.33485772357723576
19 3237.0 142.5 0.10096153846153846 0.1448170731707317
2 445.0 140.0 0.06538461538461539 0.14227642276422764
2 694.0 124.5 0.06394230769230769 0.12652439024390244
2 1008.5 105.0 0.04735576923076923 0.10670731707317073
10 819.5 48.5 0.02956730769230769 0.04928861788617886
10 848.5 33.0 0.02956730769230769 0.03353658536585366
10 830.5 37.5 0.023798076923076922 0.038109756097560975
5 965.5 62.0 0.04879807692307692 0.06300813008130081
13 1199.0 78.0 0.02403846153846154 0.07926829268292683
13 1360.5 82.5 0.024278846153846154 0.08384146341463415
13 1478.0 51.5 0.017788461538461538 0.05233739837398374
13 1398.0 52.0 0.017788461538461538 0.052845528455284556
13 1522.5 45.5 0.01514423076923077 0.046239837398373985
13 1551.0 39.5 0.011538461538461539 0.04014227642276423
19 1403.0 47.5 0.028365384615384615 0.048272357723577235
2 1612.0 46.5 0.017788461538461538 0.04725609756097561
13 1768.5 31.0 0.009375 0.031504065040650404
4 1787.5 49.0 0.02139423076923077 0.049796747967479675
17 1472.0 36.5 0.014423076923076924 0.03709349593495935
18 2002.5 66.5 0.023317307692307693 0.06758130081300813
13 2134.5 54.0 0.013221153846153846 0.054878048780487805
13 2202.5 51.5 0.014182692307692308 0.05233739837398374
13 2088.0 30.5 0.007692307692307693 0.030995934959349592
13 2142.0 30.0 0.009134615384615385 0.03048780487804878
13 2076.0 18.5 0.006730769230769231 0.018800813008130083
2 2118.5 26.5 0.008413461538461538 0.02693089430894309
19 2220.0 26.0 0.011057692307692308 0.026422764227642278
19 2194.5 22.5 0.00985576923076923 0.022865853658536585
11 2291.0 61.5 0.025 0.0625
0 2360.0 41.0 0.017788461538461538 0.041666666666666664
13 2309.0 61.5 0.01730769230769231 0.0625
2 2262.0 115.5 0.032692307692307694 0.1173780487804878
13 2400.0 119.5 0.027403846153846154 0.12144308943089431
13 2555.0 112.0 0.029326923076923077 0.11382113821138211
13 2501.0 94.5 0.020192307692307693 0.09603658536585366
13 2404.5 69.5 0.02235576923076923 0.07063008130081301
10 1502.0 78.0 0.020673076923076922 0.07926829268292683
1 3331.5 161.5 0.09639423076923077 0.1641260162601626
10 3044.0 39.5 0.03942307692307692 0.04014227642276423
10 3133.0 39.5 0.03942307692307692 0.04014227642276423
10 2966.5 51.0 0.040625 0.051829268292682924
10 2807.0 37.0 0.032692307692307694 0.037601626016260166
5 2557.5 65.5 0.034375 0.0665650406504065
5 2616.0 42.5 0.07211538461538461 0.043191056910569105
5 2523.0 36.0 0.052884615384615384 0.036585365853658534
19 2484.5 50.5 0.06947115384615385 0.051321138211382115
13 2102.0 19.0 0.0057692307692307696 0.019308943089430895
11 2146.0 17.5 0.007211538461538462 0.017784552845528455
18 2101.5 24.0 0.010817307692307692 0.024390243902439025
