18 368.5 120.5 0.16197916666666667 0.22314814814814815
13 585.0 103.0 0.06979166666666667 0.19074074074074074
13 734.0 102.0 0.071875 0.18888888888888888
13 1576.5 84.5 0.10572916666666667 0.15648148148148147
13 1338.5 61.0 0.04114583333333333 0.11296296296296296
13 841.5 61.0 0.03802083333333333 0.11296296296296296
3 1425.5 110.5 0.0546875 0.20462962962962963
2 1260.5 51.0 0.04739583333333333 0.09444444444444444
11 1133.0 69.5 0.071875 0.1287037037037037
2 975.5 73.5 0.04739583333333333 0.1361111111111111
3 925.0 41.0 0.008333333333333333 0.07592592592592592
10 964.0 268.5 0.9875 0.49722222222222223
