10 1129.0 254.0 0.8010416666666667 0.4703703703703704
4 147.5 54.0 0.1484375 0.1
17 474.0 17.5 0.021875 0.032407407407407406
13 526.5 15.5 0.011979166666666667 0.028703703703703703
4 640.5 54.0 0.0921875 0.1
4 781.5 34.0 0.04010416666666667 0.06296296296296296
4 825.5 11.0 0.008854166666666666 0.020370370370370372
17 888.5 13.5 0.011979166666666667 0.025
12 845.5 18.5 0.024479166666666666 0.03425925925925926
5 1026.5 9.0 0.011979166666666667 0.016666666666666666
4 1053.0 17.0 0.013541666666666667 0.03148148148148148
17 1086.0 9.5 0.010416666666666666 0.017592592592592594
5 1123.5 10.0 0.015104166666666667 0.018518518518518517
7 1256.5 20.5 0.0265625 0.03796296296296296
4 1183.5 15.5 0.043229166666666666 0.028703703703703703
13 1172.0 10.5 0.007291666666666667 0.019444444444444445
13 1321.5 18.0 0.013020833333333334 0.03333333333333333
13 1296.0 14.5 0.011458333333333333 0.026851851851851852
10 1481.0 14.5 0.025 0.026851851851851852
10 1450.5 16.5 0.013020833333333334 0.030555555555555555
