13 1831.0 129.0 0.09270833333333334 0.2388888888888889
13 487.0 93.0 0.07395833333333333 0.17222222222222222
13 1693.0 76.5 0.04479166666666667 0.14166666666666666
13 592.5 64.5 0.0359375 0.11944444444444445
13 820.5 64.5 0.044270833333333336 0.11944444444444445
2 932.5 81.5 0.07552083333333333 0.15092592592592594
7 722.5 55.0 0.043229166666666666 0.10185185185185185
13 649.5 28.5 0.0140625 0.05277777777777778
13 633.5 51.5 0.019270833333333334 0.09537037037037037
10 1208.0 164.0 0.103125 0.3037037037037037
