10 961.5 437.0 0.9984375 0.8092592592592592
13 1567.5 88.0 0.059895833333333336 0.16296296296296298
4 1711.0 46.0 0.07708333333333334 0.08518518518518518
2 1407.5 38.0 0.05260416666666667 0.07037037037037037
2 862.5 59.5 0.03697916666666667 0.11018518518518519
2 948.5 49.5 0.0484375 0.09166666666666666
2 728.5 50.0 0.06614583333333333 0.09259259259259259
2 566.5 48.0 0.0671875 0.08888888888888889
13 422.5 49.5 0.08177083333333333 0.09166666666666666
2 806.5 45.0 0.024479166666666666 0.08333333333333333
3 1043.5 44.0 0.0265625 0.08148148148148149
