5 264.0 168.0 0.19009370816599733 0.21414913957934992
18 1280.0 326.5 0.4007139669790272 0.41618865519439135
2 2029.0 170.5 0.18295403837572513 0.21733588272785215
17 2091.0 87.5 0.13386880856760375 0.11153601019757807
13 1598.0 175.0 0.10441767068273092 0.22307202039515614
13 973.0 119.0 0.06693440428380187 0.1516889738687062
13 753.0 102.5 0.06604194556001784 0.13065646908859146
13 467.0 102.5 0.040160642570281124 0.13065646908859146
13 67.5 55.0 0.025435073627844713 0.07010834926704908
19 1312.5 177.5 0.17001338688085676 0.22625876354365837
10 1632.5 54.0 0.037037037037037035 0.06883365200764818
5 1178.0 77.0 0.13208389112003568 0.09815168897386871
5 1003.5 66.0 0.1575189647478804 0.0841300191204589
5 624.5 77.0 0.08076751450245426 0.09815168897386871
19 900.5 72.5 0.142347166443552 0.09241555130656469
2 482.5 86.5 0.04685408299866131 0.11026131293817719
2 278.0 60.5 0.02320392681838465 0.07711918419375398
2 205.5 59.0 0.03792949576082106 0.07520713830465264
3 203.5 30.5 0.014725568942436412 0.038878266411727216
3 147.0 28.5 0.016956715751896476 0.036328871892925434
13 483.5 32.5 0.028112449799196786 0.041427660930529
10 490.5 29.0 0.02900490852298081 0.036966220522625874
10 479.5 19.0 0.03346720214190094 0.024219247928616953
