10 983.0 209.5 0.71875 0.38796296296296295
13 67.0 64.0 0.041666666666666664 0.11851851851851852
13 199.5 73.0 0.08385416666666666 0.13518518518518519
13 280.5 55.0 0.049479166666666664 0.10185185185185185
13 388.5 60.5 0.0703125 0.11203703703703703
13 449.0 40.0 0.0375 0.07407407407407407
13 520.5 44.5 0.022395833333333334 0.0824074074074074
17 600.5 53.0 0.0578125 0.09814814814814815
13 720.0 51.5 0.07708333333333334 0.09537037037037037
17 863.5 71.5 0.0671875 0.13240740740740742
17 791.0 49.0 0.015625 0.09074074074074075
11 939.0 28.0 0.023958333333333335 0.05185185185185185
17 1030.0 19.5 0.016666666666666666 0.03611111111111111
13 973.5 23.5 0.013020833333333334 0.04351851851851852
13 1200.5 35.0 0.0453125 0.06481481481481481
11 1471.0 68.0 0.12604166666666666 0.1259259259259259
13 1662.5 40.0 0.05572916666666667 0.07407407407407407
