13 144.0 150.0 0.05001524855138762 0.21536252692031588
13 2140.5 145.0 0.053979871912168347 0.208183776022972
13 1750.5 110.0 0.043610856968587984 0.15793251974156497
5 392.5 85.0 0.06312900274473925 0.12203876525484565
5 51.0 83.0 0.027447392497712716 0.1191672648959081
5 192.5 66.5 0.050930161634644706 0.09547738693467336
5 249.0 38.5 0.04269594388533089 0.05527638190954774
5 2292.0 71.5 0.13418725221103994 0.10265613783201723
5 2164.0 70.0 0.1128392802683745 0.10050251256281408
19 2067.0 81.5 0.1128392802683745 0.11701363962670495
4 1467.0 252.0 0.10673985971332724 0.36180904522613067
2 624.0 81.5 0.033546813052759986 0.11701363962670495
2 856.5 55.0 0.02165294297041781 0.07896625987078248
13 555.5 61.0 0.020433058859408357 0.08758076094759512
13 519.0 56.0 0.015858493443122904 0.08040201005025126
2 406.5 32.5 0.016773406526379993 0.046661880832735106
2 502.5 22.0 0.013723696248856358 0.03158650394831299
2 432.0 25.0 0.011588899054589813 0.03589375448671931
13 516.5 28.0 0.01799329063738945 0.04020100502512563
13 562.0 29.0 0.014028667276608722 0.0416367552045944
3 624.5 22.0 0.007014333638304361 0.03158650394831299
3 598.5 23.5 0.007014333638304361 0.03374012921751615
2 396.5 21.5 0.012503812137846905 0.030868628858578606
4 554.5 27.5 0.04117108874656908 0.03948312993539124
11 1203.0 117.0 0.05001524855138762 0.16798277099784636
2 2502.5 173.0 0.12412320829521195 0.24838478104809764
10 2497.5 68.5 0.06617871302226289 0.09834888729361091
10 1704.5 27.0 0.01555352241537054 0.038765254845656856
10 1629.5 25.5 0.008234217749313814 0.0366116295764537
2 1641.0 28.5 0.030497102775236352 0.040918880114860015
10 1674.5 49.0 0.008844159804818542 0.07035175879396985
