4 577.0 32.5 0.09920844327176781 0.09040333796940195
4 740.0 27.0 0.027440633245382585 0.07510431154381085
4 696.5 29.5 0.02163588390501319 0.08205841446453407
4 1156.5 82.0 0.09023746701846966 0.22809457579972184
4 1811.5 43.0 0.08812664907651716 0.11961057023643949
4 1418.5 42.0 0.07968337730870713 0.1168289290681502
18 1539.5 43.5 0.043799472295514515 0.12100139082058414
18 957.0 105.0 0.09604221635883906 0.29207232267037553
5 1064.0 20.5 0.010554089709762533 0.05702364394993046
11 1283.5 10.5 0.023746701846965697 0.02920723226703755
