2 166.5 80.5 0.0493046776232617 0.16512820512820514
10 285.0 60.0 0.02781289506953224 0.12307692307692308
3 96.5 33.5 0.01390644753476612 0.06871794871794872
19 73.0 36.0 0.0471976401179941 0.07384615384615385
13 232.5 37.5 0.05099030762747577 0.07692307692307693
13 213.0 32.0 0.029498525073746312 0.06564102564102564
13 835.5 59.5 0.02402022756005057 0.12205128205128205
18 802.5 57.5 0.07796038769490098 0.11794871794871795
11 943.5 39.5 0.024863042562157607 0.08102564102564103
2 898.5 90.0 0.05099030762747577 0.18461538461538463
13 898.0 27.5 0.016013485040033713 0.05641025641025641
2 903.0 56.0 0.0269700800674252 0.11487179487179487
2 962.0 49.5 0.03286978508217446 0.10153846153846154
10 1103.0 28.0 0.025284450063211124 0.057435897435897436
5 1257.5 79.5 0.07374631268436578 0.16307692307692306
13 1400.0 81.0 0.05815423514538559 0.16615384615384615
19 1551.0 78.5 0.14749262536873156 0.16102564102564101
5 1681.0 62.0 0.16519174041297935 0.12717948717948718
5 1896.5 83.5 0.15212810788032027 0.1712820512820513
13 1673.5 121.0 0.07458912768647281 0.24820512820512822
2 1480.5 162.0 0.10914454277286136 0.3323076923076923
2 1950.0 114.0 0.16013485040033712 0.23384615384615384
19 2126.0 167.5 0.20480404551201012 0.3435897435897436
