18 371.5 140.0 0.19920091324200914 0.35759897828863346
18 620.5 75.5 0.08162100456621005 0.19284802043422733
18 723.5 52.0 0.032534246575342464 0.13282247765006386
18 874.5 70.0 0.050799086757990865 0.17879948914431673
18 1083.5 26.5 0.02226027397260274 0.06768837803320563
13 1154.0 37.0 0.023972602739726026 0.09450830140485313
13 1122.0 23.5 0.014840182648401826 0.06002554278416347
4 986.5 85.5 0.07248858447488585 0.21839080459770116
17 799.5 35.0 0.03367579908675799 0.08939974457215837
13 103.0 157.5 0.1141552511415525 0.40229885057471265
