1 3331.0 163.0 0.08990384615384615 0.16565040650406504
13 2595.5 106.5 0.028125 0.10823170731707317
13 2333.0 69.0 0.01826923076923077 0.0701219512195122
13 2561.5 74.5 0.018990384615384614 0.07571138211382114
13 2357.5 37.5 0.00985576923076923 0.038109756097560975
13 2336.0 25.5 0.006730769230769231 0.025914634146341462
2 2454.5 106.0 0.030528846153846153 0.10772357723577236
2 2224.5 78.0 0.02235576923076923 0.07926829268292683
2 2319.0 40.5 0.015865384615384615 0.041158536585365856
2 2311.5 40.5 0.011298076923076923 0.041158536585365856
5 2651.0 75.5 0.03221153846153846 0.07672764227642276
10 3187.0 33.0 0.041346153846153845 0.03353658536585366
10 3142.0 41.5 0.040865384615384616 0.04217479674796748
10 3092.5 44.5 0.043028846153846154 0.04522357723577236
10 3043.5 44.0 0.03870192307692308 0.044715447154471545
10 2889.0 28.5 0.023076923076923078 0.028963414634146343
5 2742.0 56.0 0.07163461538461538 0.056910569105691054
5 2658.5 42.5 0.056490384615384616 0.043191056910569105
5 2243.5 23.0 0.013221153846153846 0.023373983739837397
5 2233.0 14.0 0.009615384615384616 0.014227642276422764
11 2458.5 65.0 0.025721153846153845 0.06605691056910569
19 2627.0 53.0 0.07115384615384615 0.05386178861788618
0 2555.5 46.0 0.018028846153846152 0.046747967479674794
19 2186.5 41.5 0.018028846153846152 0.04217479674796748
19 2444.5 28.5 0.012259615384615384 0.028963414634146343
13 2322.5 13.0 0.005048076923076923 0.013211382113821139
19 2267.0 13.5 0.00625 0.013719512195121951
18 2284.5 21.5 0.0069711538461538465 0.02184959349593496
11 2395.0 16.0 0.007211538461538462 0.016260162601626018
13 2369.0 17.0 0.0057692307692307696 0.017276422764227643
13 2304.5 14.5 0.0045673076923076926 0.014735772357723578
18 2370.5 18.0 0.010817307692307692 0.018292682926829267
10 146.5 57.0 0.025240384615384616 0.057926829268292686
2 416.5 138.5 0.061778846153846156 0.1407520325203252
2 680.0 136.0 0.06634615384615385 0.13821138211382114
2 708.0 65.0 0.07259615384615385 0.06605691056910569
13 1065.0 79.5 0.03125 0.08079268292682927
10 895.0 47.0 0.03125 0.047764227642276426
3 756.0 34.0 0.035576923076923075 0.034552845528455285
10 962.0 35.0 0.019230769230769232 0.03556910569105691
5 1076.0 59.5 0.046153846153846156 0.06046747967479675
2 1418.0 83.0 0.026923076923076925 0.08434959349593496
5 1472.0 46.0 0.032692307692307694 0.046747967479674794
19 1557.0 44.5 0.016826923076923076 0.04522357723577236
13 1692.0 45.5 0.00625 0.046239837398373985
4 1853.0 66.5 0.03125 0.06758130081300813
5 1931.5 20.0 0.006009615384615385 0.02032520325203252
5 2174.5 13.0 0.0069711538461538465 0.013211382113821139
