2 228.0 128.0 0.08028846153846154 0.13008130081300814
2 598.0 116.5 0.07932692307692307 0.11839430894308943
3 246.0 37.0 0.03990384615384615 0.037601626016260166
3 650.5 36.5 0.031490384615384615 0.03709349593495935
10 788.5 44.0 0.030528846153846153 0.044715447154471545
10 835.0 41.0 0.026923076923076925 0.041666666666666664
10 863.0 49.0 0.03413461538461538 0.049796747967479675
10 856.0 33.0 0.014903846153846155 0.03353658536585366
10 1061.0 23.0 0.014423076923076924 0.023373983739837397
5 986.5 58.5 0.050721153846153846 0.05945121951219512
3 1082.5 25.0 0.020913461538461537 0.02540650406504065
13 1556.0 50.5 0.015865384615384615 0.051321138211382115
9 1680.0 50.0 0.03942307692307692 0.0508130081300813
17 1593.5 29.5 0.013701923076923077 0.029979674796747968
4 1781.5 60.5 0.029086538461538462 0.061483739837398375
10 1908.5 27.0 0.005048076923076923 0.027439024390243903
13 1983.5 23.5 0.007451923076923077 0.023882113821138213
3 2033.0 17.5 0.0033653846153846156 0.017784552845528455
4 1970.5 26.0 0.012259615384615384 0.026422764227642278
5 1957.5 59.0 0.03245192307692308 0.059959349593495935
2 2233.0 119.0 0.03028846153846154 0.1209349593495935
13 2474.0 106.0 0.027403846153846154 0.10772357723577236
13 2430.5 79.5 0.024759615384615383 0.08079268292682927
13 2371.0 71.5 0.014903846153846155 0.07266260162601626
13 2359.5 35.0 0.01610576923076923 0.03556910569105691
13 2250.5 63.0 0.01514423076923077 0.06402439024390244
13 2239.0 45.0 0.012980769230769231 0.04573170731707317
3 2196.0 41.5 0.009134615384615385 0.04217479674796748
1 3179.0 165.0 0.08942307692307692 0.1676829268292683
10 3058.0 40.5 0.03317307692307692 0.041158536585365856
10 3027.5 33.0 0.043028846153846154 0.03353658536585366
10 2947.5 41.5 0.029086538461538462 0.04217479674796748
10 2875.0 37.0 0.011057692307692308 0.037601626016260166
10 2785.5 17.0 0.021875 0.017276422764227643
5 2543.0 75.0 0.03221153846153846 0.07621951219512195
5 2446.5 33.0 0.023317307692307693 0.03353658536585366
5 2646.0 49.5 0.06875 0.05030487804878049
5 2479.5 25.0 0.046875 0.02540650406504065
19 2545.5 38.5 0.06802884615384615 0.0391260162601626
0 2484.5 42.0 0.01706730769230769 0.042682926829268296
11 2385.0 66.5 0.023076923076923078 0.06758130081300813
19 2389.5 27.0 0.011298076923076923 0.027439024390243903
2 2266.0 26.0 0.008653846153846154 0.026422764227642278
4 2188.5 39.0 0.012259615384615384 0.039634146341463415
13 2312.5 15.5 0.005048076923076923 0.015752032520325202
11 2226.0 16.5 0.004807692307692308 0.01676829268292683
10 2250.5 8.0 0.0021634615384615386 0.008130081300813009
13 2302.0 21.0 0.00625 0.021341463414634148
