5 1321.5 70.5 0.065625 0.07164634146341463
5 1461.0 82.5 0.05048076923076923 0.08384146341463415
5 1646.5 66.5 0.037259615384615384 0.06758130081300813
5 1694.0 51.0 0.03125 0.051829268292682924
13 1956.0 74.0 0.023557692307692307 0.07520325203252033
13 2223.5 54.0 0.01658653846153846 0.054878048780487805
13 2046.5 40.5 0.013701923076923077 0.041158536585365856
13 2214.0 40.5 0.0125 0.041158536585365856
13 2140.5 34.5 0.011298076923076923 0.0350609756097561
13 2099.5 35.5 0.009375 0.036077235772357726
13 1977.0 32.0 0.010096153846153847 0.032520325203252036
13 1833.0 31.0 0.010096153846153847 0.031504065040650404
2 1928.5 30.5 0.00985576923076923 0.030995934959349592
2 2031.5 30.0 0.010336538461538461 0.03048780487804878
2 2103.0 19.0 0.0125 0.019308943089430895
2 2259.0 39.5 0.023076923076923078 0.04014227642276423
2 1813.5 23.0 0.007932692307692307 0.023373983739837397
2 1885.5 22.0 0.009375 0.022357723577235773
18 1977.5 40.0 0.024278846153846154 0.04065040650406504
4 2117.5 38.5 0.031490384615384615 0.0391260162601626
4 1958.5 20.0 0.030528846153846153 0.02032520325203252
1 2907.5 171.5 0.056490384615384616 0.17428861788617886
2 3016.0 108.0 0.036057692307692304 0.10975609756097561
2 2926.5 45.0 0.036298076923076926 0.04573170731707317
2 3039.0 47.5 0.021634615384615384 0.048272357723577235
2 2987.0 44.5 0.03221153846153846 0.04522357723577236
13 2626.5 55.5 0.014663461538461538 0.056402439024390245
11 2855.5 45.5 0.029086538461538462 0.046239837398373985
2 3333.0 86.5 0.06346153846153846 0.08790650406504065
13 3240.5 98.0 0.031971153846153844 0.09959349593495935
13 3594.5 91.0 0.039663461538461536 0.09247967479674797
5 3893.5 85.0 0.11370192307692308 0.08638211382113821
5 3707.0 58.0 0.10288461538461538 0.05894308943089431
19 3601.0 95.0 0.09807692307692308 0.09654471544715447
14 3111.0 45.0 0.016826923076923076 0.04573170731707317
10 3177.0 26.0 0.01201923076923077 0.026422764227642278
5 2991.0 60.5 0.03653846153846154 0.061483739837398375
2 3146.0 46.5 0.01875 0.04725609756097561
18 3097.0 59.0 0.025 0.059959349593495935
10 3163.0 38.5 0.006730769230769231 0.0391260162601626
