7 1298.0 115.5 0.15833333333333333 0.21388888888888888
10 535.0 69.5 0.035416666666666666 0.1287037037037037
13 378.5 77.5 0.050520833333333334 0.14351851851851852
13 432.0 57.0 0.023958333333333335 0.10555555555555556
13 302.5 50.0 0.030729166666666665 0.09259259259259259
5 211.5 41.0 0.021354166666666667 0.07592592592592592
13 267.0 41.5 0.009375 0.07685185185185185
5 682.5 25.0 0.033854166666666664 0.046296296296296294
10 806.5 30.5 0.028645833333333332 0.05648148148148148
9 903.5 58.0 0.08177083333333333 0.10740740740740741
17 1047.0 55.5 0.06041666666666667 0.10277777777777777
