5 1731.0 36.0 0.03173076923076923 0.04945054945054945
5 3005.0 55.0 0.03461538461538462 0.07554945054945054
10 2051.5 40.5 0.011778846153846154 0.05563186813186813
13 1954.0 35.0 0.0125 0.04807692307692308
13 1980.5 37.5 0.010817307692307692 0.05151098901098901
13 1988.5 26.5 0.009375 0.036401098901098904
13 2085.5 28.0 0.010336538461538461 0.038461538461538464
13 1866.0 26.5 0.008173076923076924 0.036401098901098904
2 1940.5 23.5 0.009375 0.032280219780219783
2 2042.0 43.0 0.012980769230769231 0.059065934065934064
18 2234.0 86.0 0.03173076923076923 0.11813186813186813
18 2186.0 44.0 0.028365384615384615 0.06043956043956044
2 1827.5 22.5 0.007932692307692307 0.030906593406593408
13 1870.5 14.0 0.007451923076923077 0.019230769230769232
10 1909.5 18.0 0.004086538461538462 0.024725274725274724
2 1946.0 15.0 0.009134615384615385 0.020604395604395604
2 1962.5 21.5 0.00985576923076923 0.029532967032967032
4 1799.5 37.0 0.013701923076923077 0.050824175824175824
4 1967.0 26.0 0.02980769230769231 0.03571428571428571
11 2065.5 26.5 0.019951923076923075 0.036401098901098904
10 2337.0 30.0 0.011057692307692308 0.04120879120879121
2 2609.5 49.0 0.03293269230769231 0.0673076923076923
2 2582.0 26.5 0.011538461538461539 0.036401098901098904
2 2718.0 68.5 0.026923076923076925 0.09409340659340659
2 2922.5 64.0 0.019471153846153846 0.08791208791208792
13 2863.5 60.0 0.010336538461538461 0.08241758241758242
2 3052.5 51.5 0.020432692307692308 0.07074175824175824
12 3039.0 58.0 0.03942307692307692 0.07967032967032966
13 3098.0 34.0 0.014903846153846155 0.046703296703296704
19 3162.5 38.5 0.02235576923076923 0.052884615384615384
10 3199.5 27.5 0.014663461538461538 0.03777472527472527
