4 923.0 33.0 0.041328413284132844 0.14831460674157304
9 1153.5 12.5 0.022878228782287822 0.056179775280898875
11 1026.0 27.0 0.041328413284132844 0.12134831460674157
19 813.5 21.5 0.03911439114391144 0.09662921348314607
19 870.5 13.0 0.021402214022140223 0.058426966292134834
5 847.0 12.5 0.017712177121771217 0.056179775280898875
13 707.0 31.0 0.03394833948339483 0.1393258426966292
13 371.0 63.5 0.06789667896678966 0.2853932584269663
18 570.0 55.0 0.16826568265682657 0.24719101123595505
11 1275.0 21.5 0.03099630996309963 0.09662921348314607
