7 251.0 98.5 0.1125 0.1824074074074074
13 682.5 47.5 0.034895833333333334 0.08796296296296297
4 918.0 250.0 0.22395833333333334 0.46296296296296297
4 1342.0 43.5 0.040625 0.08055555555555556
5 1129.0 11.5 0.015625 0.021296296296296296
5 1134.5 8.5 0.011979166666666667 0.01574074074074074
7 1896.0 62.5 0.025 0.11574074074074074
7 1793.5 55.0 0.07135416666666666 0.10185185185185185
7 1699.0 51.0 0.041666666666666664 0.09444444444444444
7 1623.5 46.0 0.04010416666666667 0.08518518518518518
13 1532.5 29.5 0.027604166666666666 0.05462962962962963
13 1501.0 24.5 0.016666666666666666 0.04537037037037037
13 1457.5 24.5 0.018229166666666668 0.04537037037037037
