10 1756.0 82.5 0.10270270270270271 0.08384146341463415
13 1369.5 117.0 0.07342342342342342 0.11890243902439024
13 702.0 101.0 0.051351351351351354 0.10264227642276423
13 602.0 74.0 0.04144144144144144 0.07520325203252033
2 1168.5 111.0 0.09864864864864865 0.11280487804878049
5 1565.0 93.5 0.17657657657657658 0.09502032520325203
5 1387.0 75.5 0.16666666666666666 0.07672764227642276
19 1269.0 81.0 0.17027027027027028 0.08231707317073171
5 693.0 62.0 0.062162162162162166 0.06300813008130081
14 803.5 44.0 0.03198198198198198 0.044715447154471545
10 875.0 30.0 0.02882882882882883 0.03048780487804878
2 736.0 50.5 0.036036036036036036 0.051321138211382115
4 568.0 127.5 0.12162162162162163 0.12957317073170732
11 766.0 62.0 0.055855855855855854 0.06300813008130081
