13 304.0 436.0 0.26458333333333334 0.8074074074074075
13 896.0 162.5 0.10729166666666666 0.30092592592592593
18 568.0 137.5 0.07083333333333333 0.25462962962962965
13 656.0 42.5 0.021875 0.0787037037037037
10 1280.0 46.5 0.04895833333333333 0.08611111111111111
13 1207.5 59.0 0.0359375 0.10925925925925926
17 1099.5 41.5 0.03802083333333333 0.07685185185185185
17 1054.5 29.5 0.018229166666666668 0.05462962962962963
13 1608.5 101.0 0.0953125 0.18703703703703703
17 1825.0 121.0 0.08020833333333334 0.22407407407407406
