10 1200.0 257.5 0.7083333333333334 0.47685185185185186
2 140.5 86.5 0.08489583333333334 0.16018518518518518
13 30.5 69.5 0.0234375 0.1287037037037037
13 440.5 57.5 0.05572916666666667 0.10648148148148148
13 622.5 59.0 0.04635416666666667 0.10925925925925926
2 686.0 40.5 0.04479166666666667 0.075
4 887.0 46.5 0.0625 0.08611111111111111
5 979.5 21.5 0.025520833333333333 0.03981481481481482
5 1144.0 36.5 0.0875 0.06759259259259259
5 1016.5 11.5 0.019270833333333334 0.021296296296296296
18 1193.0 30.0 0.084375 0.05555555555555555
2 1342.5 35.0 0.04635416666666667 0.06481481481481481
13 1408.5 46.5 0.059895833333333336 0.08611111111111111
4 1442.0 46.5 0.15208333333333332 0.08611111111111111
4 1807.5 47.0 0.1171875 0.08703703703703704
