10 1207.5 212.5 0.7015625 0.39351851851851855
10 43.0 112.5 0.04375 0.20833333333333334
10 908.0 57.5 0.03229166666666667 0.10648148148148148
10 1032.5 21.0 0.008854166666666666 0.03888888888888889
10 779.0 27.5 0.014583333333333334 0.05092592592592592
11 779.0 35.0 0.04375 0.06481481481481481
17 225.0 114.5 0.15 0.21203703703703702
13 450.0 62.0 0.06145833333333333 0.11481481481481481
5 431.5 50.0 0.08385416666666666 0.09259259259259259
3 584.0 41.0 0.036458333333333336 0.07592592592592592
13 720.5 18.0 0.016145833333333335 0.03333333333333333
3 848.0 25.0 0.009375 0.046296296296296294
13 969.0 35.5 0.025 0.06574074074074074
13 930.0 33.0 0.016666666666666666 0.06111111111111111
13 997.5 21.0 0.013020833333333334 0.03888888888888889
5 1074.5 17.0 0.022395833333333334 0.03148148148148148
9 1018.0 10.0 0.010416666666666666 0.018518518518518517
4 1254.0 12.0 0.03229166666666667 0.022222222222222223
13 1808.0 62.5 0.057291666666666664 0.11574074074074074
