5 1033.5 50.5 0.06754807692307692 0.051321138211382115
5 1094.5 96.5 0.06033653846153846 0.09806910569105691
5 1176.0 80.0 0.04855769230769231 0.08130081300813008
5 1307.5 74.5 0.036298076923076926 0.07571138211382114
5 1323.5 37.0 0.02956730769230769 0.037601626016260166
13 1487.5 57.5 0.012740384615384615 0.058434959349593495
13 1588.5 54.0 0.014663461538461538 0.054878048780487805
13 1680.0 38.5 0.011538461538461539 0.0391260162601626
13 1712.0 30.0 0.009615384615384616 0.03048780487804878
13 1642.0 29.5 0.009134615384615385 0.029979674796747968
13 1453.0 28.5 0.008653846153846154 0.028963414634146343
13 1434.5 25.0 0.0069711538461538465 0.02540650406504065
13 1383.0 24.5 0.01875 0.024898373983739838
2 1509.0 40.5 0.017788461538461538 0.041158536585365856
2 1801.0 46.5 0.016826923076923076 0.04725609756097561
2 1578.5 33.0 0.010817307692307692 0.03353658536585366
2 1523.5 23.5 0.010817307692307692 0.023882113821138213
19 1617.0 28.5 0.016346153846153847 0.028963414634146343
3 1657.5 32.0 0.007451923076923077 0.032520325203252036
18 2392.0 124.0 0.057692307692307696 0.12601626016260162
3 2223.5 21.5 0.018509615384615385 0.02184959349593496
13 2497.0 39.5 0.016346153846153847 0.04014227642276423
13 2554.0 79.5 0.015865384615384615 0.08079268292682927
2 2539.0 53.0 0.015384615384615385 0.05386178861788618
2 2555.5 31.0 0.007451923076923077 0.031504065040650404
2 2659.5 81.5 0.030528846153846153 0.08282520325203252
10 2740.5 40.5 0.014663461538461538 0.041158536585365856
10 2747.0 27.5 0.015384615384615385 0.027947154471544715
5 2896.5 80.5 0.04399038461538462 0.08180894308943089
5 3553.5 88.5 0.08966346153846154 0.0899390243902439
5 3344.5 74.5 0.09735576923076923 0.07571138211382114
19 3218.5 70.0 0.08341346153846153 0.07113821138211382
13 3043.0 89.5 0.035576923076923075 0.09095528455284553
13 3316.0 130.5 0.04230769230769231 0.1326219512195122
19 3692.5 75.5 0.08581730769230769 0.07672764227642276
