18 744.0 181.5 0.1596244131455399 0.44106925880923453
4 203.0 29.5 0.053208137715179966 0.07168894289185905
18 71.0 35.0 0.06468440271257173 0.0850546780072904
5 529.0 15.0 0.01773604590505999 0.03645200486026731
5 953.5 22.5 0.048513302034428794 0.054678007290400975
11 1270.0 46.5 0.06885758998435054 0.11300121506682867
11 1449.5 57.5 0.11737089201877934 0.13973268529769137
18 281.0 25.0 0.027125717266562335 0.060753341433778855
10 326.0 9.0 0.007303077725612937 0.02187120291616039
4 504.0 12.0 0.010432968179447054 0.02916160388821385
