2 91.0 133.0 0.06778129236330772 0.15637860082304528
2 376.5 93.0 0.047446904654315405 0.10934744268077601
2 1501.5 138.5 0.10799819249887031 0.1628453850676073
13 1349.0 125.0 0.07501129688206055 0.14697236919459142
13 1710.0 132.5 0.0867600542250339 0.1557907113462669
13 1116.5 100.0 0.054676909173068236 0.11757789535567313
13 46.5 45.0 0.02937189335743335 0.05291005291005291
13 45.5 96.0 0.028468142792589246 0.1128747795414462
3 969.0 64.5 0.033438770899231814 0.07583774250440917
10 2113.5 81.5 0.06642566651604158 0.09582598471487361
5 1862.5 80.5 0.20560325350203343 0.09465020576131687
5 1734.5 62.0 0.1685494803434252 0.07289829512051735
19 1588.5 70.0 0.17939448712155445 0.0823045267489712
4 781.0 181.5 0.09399005874378671 0.21340388007054673
5 1005.5 61.5 0.06190691369182106 0.07231040564373897
3 108.5 31.0 0.0149118843199277 0.036449147560258674
3 54.0 36.0 0.012652507907817443 0.042328042328042326
13 24.0 32.5 0.016267510167193855 0.03821281599059377
2 86.0 30.5 0.021690013556258474 0.035861258083480306
2 112.0 28.5 0.014460009037505649 0.03350970017636684
2 130.5 23.5 0.016719385449615907 0.027630805408583186
2 590.5 26.0 0.021238138273836422 0.030570252792475015
4 31.0 20.5 0.02711251694532309 0.024103468547912992
14 1128.0 44.5 0.025305015815634886 0.052322163433274546
2 1037.0 43.5 0.04518752824220515 0.05114638447971781
13 1003.0 43.5 0.024401265250790782 0.05114638447971781
13 1102.0 38.5 0.02349751468594668 0.04526748971193416
5 972.0 21.5 0.06868504292815183 0.025279247501469725
0 560.5 23.0 0.0149118843199277 0.02704291593180482
13 1122.0 31.0 0.0298237686398554 0.036449147560258674
10 1196.5 28.5 0.031179394487121554 0.03350970017636684
