4 829.5 186.0 0.28487994808565864 0.7112810707456979
4 1365.0 20.0 0.025957170668397145 0.07648183556405354
5 494.5 27.0 0.05515898767034393 0.10325047801147227
5 575.5 26.0 0.04218040233614536 0.0994263862332696
5 516.5 19.5 0.021414665801427646 0.0745697896749522
18 566.0 22.5 0.054510058403634 0.08604206500956023
18 578.5 19.5 0.038286826735885786 0.0745697896749522
18 1089.5 82.5 0.06554185593770279 0.3154875717017208
18 1195.5 25.0 0.021414665801427646 0.09560229445506692
18 1452.5 25.0 0.043478260869565216 0.09560229445506692
18 1252.5 15.5 0.020116807268007787 0.05927342256214149
18 1316.5 36.5 0.04218040233614536 0.13957934990439771
