13 1314.5 152.0 0.08840749414519906 0.4393063583815029
13 130.5 73.5 0.057962529274004686 0.21242774566473988
13 185.5 62.0 0.04625292740046839 0.1791907514450867
13 1153.0 87.0 0.0585480093676815 0.2514450867052023
13 1307.5 80.0 0.05562060889929742 0.23121387283236994
3 1366.0 56.0 0.04918032786885246 0.16184971098265896
10 1431.5 70.0 0.03337236533957846 0.2023121387283237
13 1416.5 74.5 0.04274004683840749 0.2153179190751445
2 51.0 141.0 0.04800936768149883 0.407514450867052
13 1229.5 56.5 0.04156908665105386 0.16329479768786126
5 1471.5 71.0 0.09192037470725996 0.20520231213872833
5 1541.5 44.5 0.18559718969555036 0.12861271676300579
5 1451.0 41.5 0.1288056206088993 0.1199421965317919
13 1292.5 42.5 0.04859484777517564 0.12283236994219653
10 1662.0 33.5 0.053864168618266976 0.0968208092485549
