2 326.0 63.0 0.1310990635781173 0.06484817292846114
2 595.0 62.5 0.14588467225234106 0.06433350488934637
2 626.5 62.5 0.13947757516017742 0.06433350488934637
3 277.5 35.0 0.06752094627895515 0.03602676273803397
3 675.5 28.5 0.07540660423854115 0.029336078229541946
10 813.5 47.5 0.06850665352390341 0.048893463715903245
10 870.0 43.5 0.051256776737309016 0.04477611940298507
10 879.0 38.5 0.041399704287826515 0.03962943901183737
13 985.0 79.5 0.06308526367668803 0.08183221821924859
5 1007.0 63.0 0.10349926071956629 0.06484817292846114
10 1196.5 48.5 0.029078363725973385 0.049922799794132784
10 1077.0 24.0 0.02858551010349926 0.024704065877509007
3 1090.5 23.5 0.04386397240019714 0.024189397838394237
2 1295.5 92.0 0.07146377525874816 0.09469891919711786
5 1405.0 48.5 0.06702809265648102 0.049922799794132784
19 1489.5 49.0 0.03499260719566289 0.050437467833247554
13 1618.0 44.0 0.012814194184327254 0.04529078744209985
18 1808.0 80.0 0.07589945786101528 0.08234688625836335
4 1787.5 69.0 0.0665352390340069 0.07102418939783839
2 1976.0 33.5 0.014785608674223755 0.034482758620689655
5 1869.0 19.5 0.011828486939379004 0.02007205352547607
4 1958.0 31.5 0.031542631838344014 0.03242408646423057
