2 509.0 123.0 0.06328565236237538 0.12557427258805512
2 472.5 70.5 0.03684438664932813 0.07197549770290965
2 411.5 45.0 0.018638925010836586 0.045941807044410414
2 409.0 29.0 0.017338534893801473 0.029606942317508933
2 149.5 30.5 0.01517121803207629 0.031138335885655948
13 711.0 109.5 0.05201560468140442 0.11179173047473201
13 661.5 80.0 0.03944516688339835 0.0816743236345074
13 447.5 35.0 0.022973558734286952 0.03573251659009699
10 278.0 44.5 0.015604681404421327 0.04543134252169474
10 1304.5 38.0 0.0741222366710013 0.03879530372639101
10 1253.0 34.5 0.07195491980927611 0.03522205206738132
10 1186.5 40.0 0.06371911573472042 0.0408371618172537
10 1156.5 45.0 0.06718682271348071 0.045941807044410414
10 1024.0 45.0 0.06068487212830516 0.045941807044410414
9 758.0 75.0 0.06068487212830516 0.07656967840735068
5 853.0 44.5 0.12743823146944083 0.04543134252169474
5 770.5 43.5 0.10099696575639358 0.0444104134762634
19 737.0 63.5 0.1283051582141309 0.06482899438489025
11 569.0 71.0 0.04681404421326398 0.07248596222562532
0 663.5 44.0 0.03337667967056784 0.04492087799897907
2 443.5 23.5 0.01950585175552666 0.02399183256763655
13 457.0 24.0 0.015604681404421327 0.02450229709035222
19 347.0 23.0 0.018205461638491547 0.02348136804492088
5 391.0 15.0 0.013870827915041179 0.015313935681470138
5 365.5 11.5 0.012570437798006068 0.01174068402246044
19 556.0 24.5 0.02080624187256177 0.025012761613067893
5 247.5 19.5 0.016038144776766364 0.019908116385911178
5 38.0 20.5 0.00953619419159081 0.02092904543134252
4 12.5 59.0 0.009969657563935847 0.06023481368044921
10 220.5 13.5 0.006501950585175552 0.013782542113323124
18 396.5 17.0 0.010836584308625921 0.017355793772332824
13 440.0 20.5 0.013003901170351105 0.02092904543134252
11 504.0 16.0 0.014737754659731253 0.01633486472690148
18 479.5 19.0 0.017771998266146512 0.019397651863195507
1 1404.0 75.0 0.13350671868227135 0.07656967840735068
