18 910.0 90.5 0.08500861573808156 0.22373300370828184
18 415.0 43.5 0.12521539345203905 0.10754017305315204
18 547.5 39.0 0.028144744399770247 0.09641532756489493
9 578.5 22.0 0.010913268236645606 0.054388133498145856
18 670.5 33.5 0.08902929350947732 0.08281829419035847
18 1199.0 35.5 0.04595060310166571 0.08776266996291718
18 1272.5 35.5 0.03848363009764503 0.08776266996291718
18 1127.0 19.5 0.018380241240666284 0.048207663782447466
18 986.0 26.5 0.009190120620333142 0.06551297898640297
4 1103.5 18.0 0.007466973004020678 0.04449938195302843
4 1088.0 17.5 0.010338885697874785 0.04326328800988875
