4 273.5 320.5 0.24073107049608355 0.49498069498069497
2 1187.0 221.5 0.22036553524804178 0.3420849420849421
2 1717.5 139.5 0.1989556135770235 0.21544401544401545
13 651.5 151.0 0.09138381201044386 0.2332046332046332
13 819.5 135.5 0.07989556135770234 0.20926640926640927
10 1171.0 64.5 0.10548302872062663 0.09961389961389962
2 622.0 109.5 0.09921671018276762 0.1691119691119691
5 1023.5 86.0 0.18224543080939948 0.13281853281853281
5 840.5 56.0 0.17806788511749347 0.08648648648648649
19 741.0 77.5 0.20052219321148826 0.11969111969111969
2 188.5 23.0 0.06318537859007833 0.03552123552123552
2 316.0 29.0 0.045953002610966055 0.044787644787644784
11 18.0 146.5 0.017754569190600523 0.22625482625482626
